DATE, OPEN, HIGH, LOW, CLOSE, VOL, p
20121210,37.00,37.00,34.91,35.00,749378,0
20121211,35.05,35.69,34.95,35.32,1472086,0
20121212,35.25,35.25,33.09,33.36,2530442,0
20121213,33.50,34.24,32.61,33.80,4253303,0
20121214,33.90,34.08,32.65,33.00,4006673,0
20121217,33.50,37.07,32.51,33.40,5516963,0
20121218,33.40,34.68,32.95,34.43,3740536,0
20121219,34.80,34.82,33.73,34.25,1480328,0
20121220,34.50,34.50,33.85,34.32,1010326,0
20121221,34.29,35.35,34.20,35.35,1276538,0
20121224,35.60,35.60,34.60,35.25,286712,0
20121226,35.27,35.51,34.85,34.90,559872,0
20121227,35.37,35.37,33.20,34.97,915775,0
20121228,34.67,34.96,34.36,34.52,1085137,0
20121231,34.04,35.05,34.00,34.16,5740951,0
20130102,34.92,35.40,34.10,35.12,13767989,0
20130103,35.00,35.00,34.16,34.83,16739208,0
20130104,34.62,34.89,34.25,34.39,21372638,0
20130107,34.15,35.45,34.15,34.46,17897117,0
20130108,34.29,34.64,33.36,33.71,17863398,0
20130109,33.61,33.95,33.61,33.90,18800666,0
20130110,33.66,34.00,33.33,34.00,15660776,0
20130111,33.59,33.90,33.35,33.85,11191446,0
20130114,34.01,34.25,33.80,34.09,11584901,0
20130115,33.71,34.72,33.71,34.60,13042596,0
20130116,34.47,35.54,34.45,35.54,16512683,0
20130117,35.75,36.70,35.75,36.42,14426261,0
20130118,36.43,37.32,36.04,37.32,17844118,0
20130122,36.98,37.25,35.93,36.42,15809670,0
20130123,36.91,37.84,36.50,37.80,10981870,0
20130124,37.79,38.52,37.23,37.46,11327544,0
20130125,37.52,37.84,36.64,37.60,8935318,0
20130128,37.65,37.87,36.71,36.89,7140026,0
20130129,36.71,37.46,36.25,37.31,8839042,0
20130130,36.81,37.53,36.81,36.93,10842451,0
20130131,36.84,36.93,36.27,36.69,10720870,0
20130201,36.84,37.20,36.52,37.18,9528042,0
20130204,36.64,37.30,36.55,37.28,6347915,0
20130205,37.42,37.73,37.18,37.20,7284674,0
20130206,36.96,37.28,36.86,37.14,5738899,0
20130207,37.57,37.57,35.80,36.42,9874217,0
20130208,36.37,36.42,35.83,36.25,13859010,0
20130211,36.13,36.18,35.75,35.85,6032057,0
20130212,35.77,35.90,35.20,35.42,7473991,0
20130213,35.42,35.57,35.15,35.27,4860053,0
20130214,35.05,36.73,35.01,36.57,7570052,0
20130215,36.93,37.81,36.93,37.58,13296886,0
20130219,37.54,38.33,37.11,38.19,8292612,0
20130220,38.16,39.13,37.61,38.61,8096330,0
20130221,38.49,39.03,38.19,38.78,7261136,0
20130222,38.79,38.85,38.14,38.46,4490835,0
20130225,38.54,38.61,37.37,37.37,4665671,0
20130226,37.60,37.60,36.96,37.09,4462936,0
20130227,36.97,36.98,36.40,36.73,12238463,0
20130228,36.66,37.14,36.50,36.92,10322499,0
20130301,36.80,38.07,36.55,37.81,8929379,0
20130304,37.53,38.25,37.53,38.24,5420719,0
20130305,38.45,38.57,37.29,37.51,6650310,0
20130306,37.56,37.86,37.37,37.74,5489700,0
20130307,37.65,38.01,37.44,37.49,4442420,0
20130308,37.64,37.65,37.16,37.34,4114897,0
20130311,37.25,38.15,37.08,37.67,4614351,0
20130312,37.70,38.30,37.05,37.17,6524031,0
20130313,37.20,37.59,37.04,37.17,3710541,0
20130314,37.43,37.59,36.86,37.56,9864532,0
20130315,37.44,38.54,37.28,38.50,12208750,0
20130318,38.05,38.49,37.99,38.16,5178592,0
20130319,38.25,38.40,37.84,38.36,5108398,0
20130320,38.50,39.19,38.41,39.06,7073266,0
20130321,38.82,38.97,38.48,38.49,4738157,0
20130322,38.57,38.97,38.30,38.97,3323330,0
20130325,39.12,39.52,38.93,39.32,6064941,0
20130326,39.57,40.52,39.57,40.21,7249496,0
20130327,40.22,40.29,39.66,40.15,4275285,0
20130328,40.26,40.80,39.78,40.78,7264447,0
20130401,39.96,41.14,39.96,41.12,5739918,0
20130402,41.22,41.22,40.52,40.71,5510629,0
20130403,40.75,41.45,40.35,40.57,4122422,0
20130404,40.77,41.78,40.62,41.60,20688370,0
20130405,41.31,41.50,41.09,41.31,14091702,0
20130408,41.27,41.87,41.07,41.77,16449213,0
20130409,41.96,43.56,41.80,42.55,8674668,0
20130410,42.65,43.77,42.50,43.62,7815594,0
20130411,43.42,43.71,43.11,43.20,6494382,0
20130412,42.97,43.29,42.62,43.09,4202267,0
20130415,42.87,43.03,41.41,41.44,7153137,0
20130416,41.67,42.53,41.13,42.45,6999109,0
20130417,42.14,42.43,41.42,42.24,5046271,0
20130418,42.37,42.64,41.89,42.32,5008971,0
20130419,42.51,42.58,42.20,42.39,6493328,0
20130422,43.00,44.83,42.88,44.20,8531644,0
20130423,44.61,46.32,44.40,45.14,9380105,0
20130424,45.14,45.34,43.94,44.32,5541884,0
20130425,44.75,44.79,43.76,44.24,5237276,0
20130426,44.95,46.31,44.75,45.84,10100492,0
20130429,45.83,45.93,45.05,45.23,6025501,0
20130430,45.05,46.23,45.01,46.05,6799572,0
20130501,45.74,46.09,45.55,45.55,6399553,0
20130502,45.68,45.68,43.86,43.99,9651487,0
20130503,44.31,44.77,43.83,44.68,4643020,0
20130506,44.95,44.95,44.15,44.59,4085682,0
20130507,44.50,45.00,44.42,44.91,3745463,0
20130508,45.01,45.05,43.39,43.49,6973380,0
20130509,43.34,44.45,43.25,44.24,5047066,0
20130510,44.21,45.01,44.20,45.01,4455864,0
20130513,44.79,44.79,44.17,44.54,3738818,0
20130514,44.09,45.52,44.09,45.35,5761112,0
20130515,45.72,46.93,45.48,46.03,6702565,0
20130516,46.06,46.90,46.01,46.21,4605696,0
20130517,46.03,47.34,45.85,47.17,5245633,0
20130520,47.12,47.14,46.07,46.26,3537860,0
20130521,46.19,46.96,46.17,46.54,4710269,0
20130522,46.46,48.00,45.85,46.76,5203562,0
20130523,46.12,46.94,46.02,46.59,3306172,0
20130524,46.25,46.48,45.31,45.44,4511667,0
20130528,45.89,46.04,44.70,45.39,6181591,0
20130529,44.89,45.18,43.79,43.88,6907841,0
20130530,44.07,45.12,44.07,44.55,4852721,0
20130531,44.27,44.69,42.68,42.69,9308602,0
20130603,42.88,43.58,42.75,43.36,7177530,0
20130604,43.42,44.47,43.38,43.63,4434723,0
20130605,43.49,43.90,42.69,43.04,4799911,0
20130606,43.22,43.57,42.65,43.50,4261250,0
20130607,43.72,44.27,43.50,44.00,5463841,0
20130610,44.33,44.33,43.22,43.92,4703279,0
20130611,43.31,44.05,43.05,43.59,3574881,0
20130612,43.91,44.00,42.72,42.77,3742538,0
20130613,42.42,43.20,40.10,43.15,6096662,0
20130614,42.98,43.50,42.50,43.21,4078472,0
20130617,43.40,43.50,42.68,43.01,3457927,0
20130618,42.97,43.56,42.63,43.54,3645023,0
20130619,43.56,43.83,43.01,43.04,3663528,0
20130620,42.65,42.78,40.91,41.06,7476184,0
20130621,41.66,42.71,41.20,42.62,9825709,0
20130624,42.07,42.40,41.32,41.89,6044515,0
20130625,42.15,42.77,41.61,42.63,4687548,0
20130626,43.10,43.61,43.03,43.38,4733682,0
20130627,43.56,43.98,42.74,43.13,5164221,0
20130628,42.53,42.97,41.32,41.34,10754505,0
20130701,41.40,41.93,41.07,41.61,4589412,0
20130702,41.58,42.57,41.58,42.21,4367392,0
20130703,41.88,42.31,41.61,42.23,2417693,0
20130705,42.45,42.83,42.31,42.72,2743786,0
20130708,42.90,43.69,42.82,43.68,3982360,0
20130709,44.00,44.23,43.25,43.32,3808460,0
20130710,43.36,44.12,43.36,43.91,3080051,0
20130711,43.94,44.11,43.33,43.78,4061419,0
20130712,43.93,45.11,43.80,45.05,5694865,0
20130715,44.95,44.97,44.54,44.62,3266589,0
20130716,44.54,44.77,43.70,43.81,3714496,0
20130717,43.97,44.15,43.74,43.96,3646009,0
20130718,43.96,44.56,43.81,44.32,3043697,0
20130719,44.49,44.91,44.12,44.52,4317976,0
20130722,44.30,45.10,43.80,44.97,3810450,0
20130723,44.92,45.09,44.23,44.31,3535542,0
20130724,44.28,44.37,43.39,43.64,3088091,0
20130725,43.41,44.43,43.35,44.24,4089489,0
20130726,45.01,45.12,44.17,44.79,4491224,0
20130729,44.72,45.45,44.47,45.06,4326780,0
20130730,45.08,45.23,44.20,44.70,3619666,0
20130731,44.84,45.91,44.81,45.48,6024850,0
20130801,45.14,45.90,45.04,45.25,3652564,0
20130802,45.11,45.42,44.81,45.32,3191230,0
20130805,45.05,45.37,44.49,44.71,2953450,0
20130806,44.42,44.99,44.42,44.88,4980755,0
20130807,44.70,44.86,44.22,44.57,3303385,0
20130808,44.86,45.18,44.61,45.06,2892355,0
20130809,44.90,45.00,44.47,44.71,3290789,0
20130812,44.71,45.20,44.39,45.04,3826370,0
20130813,45.12,45.18,44.68,44.93,2791757,0
20130814,44.85,45.23,44.45,44.58,2990693,0
20130815,44.60,44.62,43.13,43.21,4363128,0
20130816,42.94,43.14,42.42,43.00,6093265,0
20130819,43.01,43.81,42.95,43.37,3326899,0
20130820,43.29,43.48,42.85,42.97,2802980,0
20130821,42.82,42.88,42.25,42.31,4118891,0
20130822,42.40,43.10,42.29,42.92,4077675,0
20130823,43.01,43.50,42.85,43.43,2738498,0
20130826,43.43,43.74,43.19,43.45,3498733,0
20130827,43.02,43.09,42.60,42.63,4482415,0
20130828,42.53,42.81,42.35,42.56,3009678,0
20130829,42.32,43.09,42.26,42.62,2788872,0
20130830,42.76,43.03,42.30,42.61,3170663,0
20130903,43.00,43.28,42.31,42.59,2925579,0
20130904,42.60,43.14,42.59,43.13,3192977,0
20130905,43.03,43.66,43.00,43.51,3355461,0
20130906,43.53,44.35,42.89,43.89,3992200,0
20130909,43.88,44.44,43.50,44.43,3287461,0
20130910,44.58,44.81,44.10,44.78,4282278,0
20130911,44.81,44.97,44.39,44.95,3441689,0
20130912,44.84,44.95,44.50,44.70,2597892,0
20130913,44.71,44.89,44.43,44.89,2273543,0
20130916,45.32,45.95,45.19,45.82,3536857,0
20130917,45.92,47.69,45.86,47.60,7295112,0
20130918,47.19,48.42,46.88,47.92,6689426,0
20130919,48.21,48.23,47.31,47.40,5326423,0
20130920,47.44,48.00,47.33,47.84,10502718,0
20130923,47.56,47.56,46.93,47.10,3179469,0
20130924,46.95,46.95,45.94,45.98,7165602,0
20130925,46.09,46.16,45.02,45.33,4571876,0
20130926,45.33,45.62,44.81,45.00,5033923,0
20130927,44.87,44.90,44.01,44.33,6617551,0
20130930,44.52,44.95,44.03,44.73,5818407,0
20131001,44.81,45.90,44.81,45.80,4161464,0
20131002,45.34,45.97,45.12,45.95,4056759,0
20131003,45.60,46.34,45.10,46.01,7020911,0
20131004,46.18,46.88,46.00,46.80,4141428,0
20131007,46.12,46.98,46.09,46.09,4705014,0
20131008,46.29,46.32,44.39,44.52,7091747,0
20131009,44.72,45.31,44.32,44.81,5113491,0
20131010,45.10,45.68,44.51,45.68,3967512,0
20131011,45.70,45.70,44.96,45.65,2985910,0
20131014,45.21,46.45,45.07,46.33,3377273,0
20131015,46.05,46.38,45.75,46.08,3533322,0
20131016,46.31,47.27,46.20,47.06,4399909,0
20131017,46.95,48.32,46.95,48.17,7242923,0
20131018,48.38,48.95,47.77,48.33,9213035,0
20131021,48.08,48.55,47.76,48.35,4713165,0
20131022,48.39,49.31,48.11,49.00,6939138,0
20131023,48.76,48.86,48.28,48.33,4130681,0
20131024,48.63,48.98,47.74,47.93,5078237,0
20131025,49.10,49.83,48.56,49.30,6957833,0
20131028,49.13,49.97,48.97,49.42,5555032,0
20131029,49.48,50.20,49.48,49.79,5023089,0
20131030,49.57,49.57,48.72,48.80,4011783,0
20131031,48.68,49.00,48.44,48.45,4563677,0
20131101,48.64,49.33,48.50,48.96,3866864,0
20131104,49.19,49.19,48.00,48.76,4095606,0
20131105,48.59,48.76,48.03,48.17,4095659,0
20131106,48.50,48.74,48.00,48.05,4308072,0
20131107,48.17,48.36,47.18,47.24,4444941,0
20131108,47.13,48.10,46.83,48.03,5190868,0
20131111,48.23,48.67,48.19,48.57,2282892,0
20131112,48.45,48.48,47.28,47.48,5351110,0
20131113,47.36,47.93,47.29,47.85,3745113,0
20131114,47.99,48.47,47.69,48.04,3411754,0
20131115,48.03,48.75,48.00,48.44,6257082,0
20131118,48.89,49.96,48.73,48.87,8585679,0
20131119,48.73,49.00,48.37,48.46,4050726,0
20131120,48.42,48.54,47.83,47.95,3120295,0
20131121,48.28,48.67,47.99,48.57,4459830,0
20131122,48.65,49.14,48.57,48.94,5810069,0
20131125,49.00,49.28,48.32,48.41,3343221,0
20131126,48.38,49.18,48.31,48.60,4732347,0
20131127,48.83,48.94,48.24,48.25,3414869,0
20131129,48.43,48.93,48.07,48.45,4044343,0
20131202,48.49,48.68,48.02,48.39,4322116,0
20131203,49.13,50.26,48.97,49.97,9480120,0
20131204,49.75,50.29,49.30,49.67,5309417,0
20131205,49.42,50.07,49.05,49.76,5449133,0
20131206,50.17,51.50,50.05,51.35,7285755,0
20131209,51.45,51.81,50.77,51.21,5470820,0
20131210,51.24,54.13,50.72,52.14,14907618,0
20131211,52.67,53.25,52.02,52.67,10775465,0
20131212,52.56,52.62,51.80,52.39,7766426,0
20131213,52.30,52.60,51.84,52.37,6465350,0
20131216,53.42,54.78,52.98,53.44,9848309,0
20131217,53.43,53.92,53.00,53.63,7990671,0
20131218,52.78,54.43,52.22,54.32,9635694,0
20131219,53.21,53.21,52.02,52.63,8381255,0
20131220,52.77,53.01,52.29,52.59,12471782,0
20131223,52.73,52.94,52.24,52.58,4964436,0
20131224,52.78,52.79,52.28,52.36,1747000,0
20131226,52.59,53.06,52.34,52.99,2401527,0
20131227,52.92,53.05,52.38,52.55,2355008,0
20131230,52.73,53.03,52.60,53.01,2898886,0
20131231,52.99,53.06,52.36,52.81,3019731,0
20140102,52.12,52.33,51.52,51.98,4569061,0
20140103,52.25,52.67,51.97,52.30,4794591,0
20140106,52.70,52.70,50.03,50.39,11871094,0
20140107,50.84,51.21,50.30,50.49,9719873,0
20140108,50.63,51.11,50.24,50.36,6813338,0
20140109,50.59,51.65,49.87,51.22,6960524,0
20140110,51.27,51.49,50.76,50.90,5518662,0
20140113,50.66,50.74,49.64,49.83,7055356,0
20140114,49.94,50.88,49.63,50.60,6610849,0
20140115,50.65,50.67,50.07,50.11,4728401,0
20140116,50.10,50.62,50.02,50.50,4972290,0
20140117,50.64,50.66,50.01,50.06,8606778,0
20140121,50.26,50.92,49.91,50.00,5827366,0
20140122,49.98,50.00,48.62,49.08,8181957,0
20140123,48.74,49.06,48.39,48.87,7270503,0
20140124,48.42,49.10,47.77,47.79,9203692,0
20140127,47.79,47.83,46.42,46.83,10788733,0
20140128,47.08,48.47,47.08,47.69,12298641,0
20140129,47.15,47.84,46.98,47.61,7608549,0
20140130,47.97,48.88,47.90,48.31,7670930,0
20140131,49.94,50.55,49.07,49.23,12894409,0
20140203,49.40,49.49,47.06,47.36,10315368,0
20140204,47.18,47.97,46.95,47.95,9606123,0
20140205,47.76,48.07,47.15,47.73,6987085,0
20140206,47.89,48.18,47.45,47.93,4957804,0
20140207,48.00,49.03,47.66,48.89,7003884,0
20140210,48.75,50.19,48.72,49.55,7907594,0
20140211,49.41,49.97,49.04,49.66,7220444,0
20140212,49.63,50.93,49.59,50.56,6534491,0
20140213,50.30,50.52,49.88,50.35,5266042,0
20140214,50.56,50.91,50.17,50.73,4125072,0
20140218,50.64,51.56,50.56,51.46,4984888,0
20140219,51.17,51.86,50.64,51.19,5242787,0
20140220,51.19,52.11,50.73,51.86,6078933,0
20140221,51.82,51.97,51.01,51.04,5842724,0
20140224,51.01,51.56,50.83,50.85,5704236,0
20140225,50.93,51.13,50.50,50.72,5424996,0
20140226,49.95,50.97,49.93,50.74,5710741,0
20140227,50.60,50.92,50.47,50.91,5052972,0
20140228,50.84,51.96,50.51,50.91,7096343,0
20140303,50.34,50.86,49.79,50.09,6817656,0
20140304,50.73,51.72,50.53,51.59,6198289,0
20140305,51.68,52.12,51.30,51.70,5251165,0
20140306,52.04,52.77,51.97,52.04,6529013,0
20140307,52.25,52.50,51.01,51.46,5860736,0
20140310,51.90,51.90,50.86,51.66,3086027,0
20140311,51.68,52.14,51.50,51.75,3634594,0
20140312,51.46,51.74,51.07,51.64,3924773,0
20140313,51.89,52.10,51.14,51.32,4839437,0
20140314,51.25,51.42,50.80,51.21,5466682,0
20140317,51.47,52.19,51.26,51.98,3875485,0
20140318,52.08,53.22,51.97,53.10,4712266,0
20140319,53.09,53.53,52.44,53.11,6408622,0
20140320,52.86,53.80,52.52,53.68,6922666,0
20140321,54.22,54.73,53.09,53.46,12930499,0
20140324,53.53,53.62,51.35,51.36,10162405,0
20140325,51.68,52.10,51.49,51.69,6127187,0
20140326,52.00,52.34,51.46,51.50,5684946,0
20140327,51.53,51.84,51.43,51.66,4777964,0
20140328,51.83,52.13,50.89,50.98,4208320,0
20140331,51.34,51.70,50.95,51.40,4813095,0
20140401,51.62,52.38,51.54,52.10,4250829,0
20140402,52.10,53.41,51.99,53.34,6007336,0
20140403,53.35,53.83,53.21,53.50,6841426,0
20140404,53.78,54.44,52.05,52.20,7014940,0
20140407,51.68,52.31,49.65,50.62,9147386,0
20140408,50.35,50.87,48.93,49.10,8246930,0
20140409,49.49,50.76,49.26,50.63,6018377,0
20140410,50.08,50.27,47.29,47.35,13177840,0
20140411,46.58,47.21,45.50,46.46,11465788,0
20140414,47.10,47.50,46.21,46.83,7292068,0
20140415,47.42,48.08,46.76,47.86,9531242,0
20140416,48.58,48.84,47.62,48.12,7150999,0
20140417,47.92,48.78,47.72,48.55,6196807,0
20140421,48.50,49.45,48.40,49.43,4444955,0
20140422,49.49,50.42,49.35,50.01,6613231,0
20140423,50.14,50.26,49.39,50.14,6578335,0
20140424,50.13,50.13,49.00,49.32,6628778,0
20140425,50.21,50.98,48.95,49.14,7289118,0
20140428,49.55,50.92,49.50,50.87,7932184,0
20140429,50.94,51.53,50.76,51.37,5601295,0
20140430,51.38,52.17,51.00,52.08,7430573,0
20140501,51.89,52.10,51.41,51.61,4279836,0
20140502,51.41,51.72,51.00,51.18,3341268,0
20140505,50.99,51.37,50.31,51.36,2580340,0
20140506,51.20,51.30,50.83,50.91,3353162,0
20140507,52.38,52.87,51.27,52.79,7023045,0
20140508,52.69,53.09,51.96,52.15,4092123,0
20140509,52.07,52.35,51.08,52.26,5012523,0
20140512,52.36,52.56,52.22,52.37,3626399,0
20140513,52.45,52.50,51.92,52.20,4145227,0
20140514,52.23,53.00,52.08,52.87,4878350,0
20140515,52.96,53.07,52.42,52.69,6963814,0
20140516,52.65,52.97,52.41,52.93,5826232,0
20140519,52.84,54.21,52.71,54.11,6010486,0
20140520,53.86,53.93,53.31,53.54,5021237,0
20140521,53.50,53.84,53.10,53.27,4088023,0
20140522,53.29,54.34,52.94,53.63,4486352,0
20140523,53.94,54.38,53.83,53.95,3023515,0
20140527,54.20,54.20,53.78,53.99,3816296,0
20140528,53.96,54.61,53.82,54.07,4108352,0
20140529,54.10,54.45,53.75,54.03,2768582,0
20140530,53.98,54.43,53.89,54.33,4024988,0
20140602,54.43,54.95,53.91,54.15,3634963,0
20140603,54.06,54.47,53.87,54.37,3077969,0
20140604,53.92,54.64,53.67,54.58,3388190,0
20140605,54.55,55.32,54.36,55.30,4847296,0
20140606,55.32,55.40,54.89,55.10,3450130,0
20140609,54.42,54.88,53.72,53.84,5919379,0
20140610,53.14,54.08,52.29,53.97,7892148,0
20140611,53.85,54.70,53.75,54.23,4974294,0
20140612,54.22,54.25,53.46,53.66,3941639,0
20140613,53.67,54.31,53.44,54.16,4413075,0
20140616,54.18,54.31,53.45,54.00,4410384,0
20140617,54.49,54.54,53.85,54.30,3385676,0
20140618,54.27,54.61,54.00,54.57,3337264,0
20140619,54.14,54.81,53.92,54.19,3960078,0
20140620,55.62,55.62,53.16,53.30,13457709,0
20140623,53.76,54.40,53.54,53.75,6235684,0
20140624,53.74,53.95,53.43,53.59,5483520,0
20140625,53.52,55.79,53.40,55.00,11085144,0
20140626,55.07,56.54,54.97,56.51,10716502,0
20140627,56.58,56.90,56.28,56.79,7491070,0
20140630,56.51,56.89,56.10,56.44,6477174,0
20140701,56.42,57.20,56.17,56.89,6870144,0
20140702,57.46,58.11,56.92,58.11,6199669,0
20140703,57.90,58.27,57.65,58.22,3828923,0
20140707,57.91,58.15,57.39,57.40,4736261,0
20140708,56.68,56.97,55.48,55.69,9297387,0
20140709,55.56,55.64,54.82,55.01,11516292,0
20140710,54.50,55.88,54.28,55.79,7553623,0
20140711,55.34,56.60,54.48,54.96,13593033,0
20140714,53.89,55.05,53.72,54.85,30823346,0
20140715,54.52,54.69,53.39,53.44,16796769,0
20140716,53.25,53.67,51.82,53.65,23315915,0
20140717,53.21,55.00,52.88,53.52,18698975,0
20140718,53.00,55.12,53.00,54.91,42463192,0
20140721,54.14,54.45,53.91,54.00,22334992,0
20140722,53.82,54.38,53.75,54.05,14724251,0
20140723,54.48,54.81,54.07,54.48,15011312,0
20140724,54.22,54.56,53.97,54.08,11712776,0
20140725,54.40,54.49,53.03,53.18,11681104,0
20140728,53.42,53.99,53.17,53.74,10465972,0
20140729,53.55,53.66,53.24,53.43,16171546,0
20140730,53.28,53.88,53.03,53.75,12680103,0
20140731,53.13,53.40,52.30,52.34,15479875,0
20140801,52.03,52.64,51.75,52.48,11593203,0
20140804,52.58,53.40,52.37,53.29,10456260,0
20140805,52.77,53.19,52.45,52.79,12783830,0
20140806,51.48,52.66,51.37,52.05,18126213,0
20140807,51.59,52.71,51.42,52.43,17178896,0
20140808,52.72,52.89,52.29,52.82,13126152,0
20140811,53.00,53.65,52.77,53.31,10074584,0
20140812,53.22,53.30,52.57,52.84,8524637,0
20140813,52.97,53.64,52.75,53.60,9029401,0
20140814,53.62,54.23,53.53,54.19,7959787,0
20140815,54.34,54.58,53.58,53.90,10109262,0
20140818,54.39,54.52,53.84,54.31,7370618,0
20140819,54.48,55.31,54.18,55.29,9160272,0
20140820,54.82,55.18,54.69,55.06,7612618,0
20140821,54.79,55.12,54.68,54.96,8063190,0
20140822,54.87,55.27,54.36,55.20,9314643,0
20140825,55.38,55.92,55.18,55.87,7553500,0
20140826,55.68,55.94,55.64,55.75,9309835,0
20140827,55.85,55.85,55.40,55.70,11022640,0
20140828,55.52,55.68,55.25,55.60,7277891,0
20140829,55.75,55.80,55.24,55.28,7524434,0
20140902,55.43,55.53,54.96,55.07,7354915,0
20140903,55.16,55.53,54.83,55.51,7562354,0
20140904,55.36,55.60,55.09,55.54,10019368,0
20140905,55.49,55.94,54.87,55.94,9914334,0
20140908,55.78,55.95,55.37,55.57,6569072,0
20140909,55.53,57.18,55.43,56.95,17566165,0
20140910,56.90,57.32,56.51,57.19,8740253,0
20140911,57.00,57.88,56.85,57.85,9943954,0
20140912,57.85,58.77,57.74,57.88,15556226,0
20140915,57.75,58.15,57.47,57.93,8632657,0
20140916,57.63,58.70,57.46,58.60,9112383,0
20140917,58.89,60.02,58.75,59.62,14389447,0
20140918,59.60,59.65,59.10,59.45,10980541,0
20140919,59.84,59.93,59.01,59.06,13987013,0
20140922,59.23,59.30,58.41,58.71,9046500,0
20140923,56.80,58.27,56.60,57.56,24204428,0
20140924,57.66,59.35,57.61,59.05,15763758,0
20140925,58.47,59.50,57.97,58.00,10079604,0
20140926,58.54,59.24,58.10,59.19,15865976,0
20140929,58.14,58.83,57.94,58.52,7640357,0
20140930,58.26,58.81,57.73,57.76,8599025,0
20141001,57.93,57.94,56.96,57.23,8432076,0
20141002,57.54,57.70,56.14,56.67,8371796,0
20141003,57.42,58.78,57.34,58.69,11680772,0
20141006,58.59,58.99,57.66,57.81,7359936,0
20141007,57.60,57.60,56.51,56.65,8924598,0
20141008,56.54,58.45,56.18,58.34,10917244,0
20141009,58.52,58.55,56.71,56.72,11913149,0
20141010,55.99,56.67,54.95,54.97,12108843,0
20141013,54.88,55.15,53.58,53.62,16908703,0
20141014,53.59,54.83,53.02,54.13,14293617,0
20141015,52.33,55.72,52.06,54.63,122740856,0
20141016,55.80,55.90,52.84,52.90,61236795,0
20141017,53.78,53.90,52.90,53.37,31892106,0
20141020,52.56,54.59,52.25,54.41,17954637,0
20141021,55.30,56.44,55.02,56.29,17522116,0
20141022,56.96,57.45,56.26,56.90,16048709,0
20141023,58.10,59.70,57.88,59.52,14729311,0
20141024,59.34,60.41,59.34,60.29,10391457,0
20141027,60.35,60.98,60.21,60.49,10010862,0
20141028,60.76,61.13,60.44,60.93,9412487,0
20141029,60.99,60.99,59.36,59.98,16547937,0
20141030,60.00,61.43,59.91,61.18,11964464,0
20141031,63.06,63.99,62.37,63.46,15010787,0
20141103,63.66,63.90,62.94,63.25,8251001,0
20141104,63.21,63.61,62.32,62.66,9741769,0
20141105,63.49,63.67,62.20,62.54,6464989,0
20141106,62.75,63.39,62.42,62.71,5152441,0
20141107,62.31,62.33,61.31,61.50,7002595,0
20141110,61.99,64.06,61.87,63.79,9513163,0
20141111,63.69,64.20,63.50,63.85,5041212,0
20141112,63.56,64.02,63.56,63.76,5366690,0
20141113,64.25,64.79,63.40,63.63,4510242,0
20141114,63.98,64.00,63.13,64.00,4684899,0
20141117,64.08,65.41,64.03,65.04,7117084,0
20141118,64.78,66.24,64.78,66.05,6432239,0
20141119,65.88,66.15,65.22,65.50,5710909,0
20141120,65.04,65.68,64.93,65.19,4975545,0
20141121,66.41,67.36,65.75,67.36,9165941,0
20141124,67.40,68.06,67.40,67.78,7730440,0
20141125,67.64,68.21,67.14,68.06,7550833,0
20141126,68.34,68.86,67.88,68.70,4045983,0
20141128,69.00,69.48,68.89,69.20,2953678,0
20141201,69.08,69.50,68.83,69.11,4885108,0
20141202,68.88,69.49,68.64,69.27,6491493,0
20141203,69.17,69.48,68.41,68.50,5821231,0
20141204,68.35,69.86,68.29,69.57,7670135,0
20141205,69.52,70.17,69.34,69.71,4360127,0
20141208,69.81,70.76,69.35,69.42,5452120,0
20141209,68.21,69.19,67.61,69.14,6838923,0
20141210,69.44,69.44,67.53,67.58,8575718,0
20141211,66.48,67.96,66.24,67.03,9518016,0
20141212,66.53,67.17,65.01,65.27,9221434,0
20141215,65.75,66.47,64.81,65.62,7231014,0
20141216,65.11,66.94,64.80,65.25,8545063,0
20141217,65.50,66.74,65.09,66.57,5934879,0
20141218,67.86,68.01,67.20,67.92,7184735,0
20141219,67.69,68.62,66.84,67.71,12631038,0
20141222,68.04,68.25,66.83,66.97,12876593,0
20141223,67.23,67.32,64.02,64.35,12122958,0
20141224,64.75,66.95,64.75,66.21,4713104,0
20141226,66.51,67.24,66.51,66.98,4158161,0
20141229,66.58,67.37,66.42,67.14,3875718,0
20141230,66.77,67.16,66.02,66.30,5568775,0
20141231,66.72,67.10,65.35,65.44,3989061,0
20150102,65.62,66.40,65.49,65.89,5087291,0
20150105,65.50,66.10,63.88,64.65,8007433,0
20150106,65.62,65.75,63.70,64.33,5488211,0
20150107,64.57,67.05,64.48,66.93,8283283,0
20150108,68.16,68.29,67.42,67.63,7948950,0
20150109,66.69,67.20,65.11,65.78,8779934,0
20150112,66.34,66.93,65.31,65.76,6159840,0
20150113,65.72,66.07,62.91,63.39,13908387,0
20150114,62.62,64.07,61.86,63.70,9448317,0
20150115,64.00,64.11,62.87,62.89,6149083,0
20150116,62.95,64.62,62.64,64.54,8106002,0
20150120,65.06,65.29,62.75,63.45,9065315,0
20150121,63.10,63.45,62.28,62.70,7979499,0
20150122,63.20,63.45,61.88,62.98,8941679,0
20150123,63.66,63.66,62.35,62.43,6881063,0
20150126,62.26,63.04,61.68,62.83,8181088,0
20150127,62.33,63.50,62.20,63.10,6532303,0
20150128,63.44,63.56,61.69,61.85,6910126,0
20150129,62.12,63.38,61.59,63.12,8485561,0
20150130,62.09,62.68,60.12,60.35,17582492,0
20150202,61.49,61.49,58.65,60.70,11491076,0
20150203,61.60,61.76,59.98,61.65,10721752,0
20150204,58.95,58.95,56.65,56.91,31250641,0
20150205,57.54,58.26,56.15,57.99,18964680,0
20150206,57.71,57.83,56.69,56.90,13890916,0
20150209,55.67,56.35,55.18,55.48,22522028,0
20150210,55.93,57.01,55.60,56.89,18916988,0
20150211,57.36,57.83,56.26,56.69,14681602,0
20150212,57.40,57.58,56.16,57.05,11940929,0
20150213,57.35,58.10,56.90,58.05,11303213,0
20150217,58.95,59.00,57.90,58.72,12789690,0
20150218,59.15,59.48,58.31,59.24,10781655,0
20150219,58.92,59.08,58.65,59.00,8665548,0
20150220,59.61,61.34,59.22,61.30,15533974,0
20150223,61.54,61.90,60.24,60.57,11582706,0
20150224,60.85,61.30,60.52,60.87,7900656,0
20150225,61.10,61.10,60.21,60.62,9983859,0
20150226,60.35,60.81,60.27,60.52,7328227,0
20150227,60.53,60.99,60.37,60.50,8649102,0
20150302,60.30,60.75,60.06,60.46,6150884,0
20150303,60.35,60.45,59.44,59.62,7421012,0
20150304,59.32,60.42,59.03,60.27,8535995,0
20150305,57.21,59.48,56.65,56.86,47051781,0
20150306,56.95,57.40,55.44,55.64,22852963,0
20150309,55.93,56.03,55.26,55.54,14779867,0
20150310,55.22,56.30,54.78,55.84,17907725,0
20150311,56.19,56.88,55.66,56.62,14629020,0
20150312,56.78,58.90,56.65,58.00,18227835,0
20150313,58.12,58.87,57.35,58.00,10114502,0
20150316,58.46,59.70,58.33,59.12,12098670,0
20150317,58.72,60.18,58.70,59.73,10983550,0
20150318,59.76,60.42,59.25,59.89,11889203,0
20150319,60.09,61.48,59.99,61.19,14110516,0
20150320,61.50,61.73,60.32,60.40,13313128,0
20150323,60.05,61.19,59.62,60.48,7926391,0
20150324,60.65,60.82,59.45,59.63,7969986,0
20150325,60.08,60.09,58.21,58.22,11619183,0
20150326,57.98,58.09,57.22,57.27,10853908,0
20150327,57.63,58.05,57.31,57.65,6830106,0
20150330,57.93,58.34,57.79,58.24,5781909,0
20150331,58.01,58.81,57.71,58.54,12313641,0
20150401,58.48,58.49,56.33,57.10,14903269,0
20150402,57.44,57.81,56.90,57.01,8787023,0
20150406,56.81,57.89,56.68,57.61,10280058,0
20150407,58.25,58.75,57.78,58.42,10171505,0
20150408,58.50,58.98,57.95,58.81,11075839,0
20150409,59.20,60.43,59.05,60.32,12697994,0
20150410,60.50,62.33,60.32,62.00,17894654,0
20150413,61.81,62.16,61.06,61.20,11400898,0
20150414,61.40,61.81,60.51,61.72,13071393,0
20150415,62.10,62.70,61.97,62.03,11534244,0
20150416,61.80,62.91,61.65,62.59,9815626,0
20150417,62.12,62.79,61.87,62.29,9905645,0
20150420,62.91,64.00,62.80,63.54,12779184,0
20150421,63.89,64.24,63.27,63.61,8457272,0
20150422,63.60,64.73,63.56,64.52,13874280,0
20150423,65.26,65.31,62.73,64.25,18405300,0
20150424,64.31,66.37,64.14,66.07,14859514,0
20150427,66.02,66.66,64.86,65.02,18141681,0
20150428,64.60,66.49,64.20,66.49,13084866,0
20150429,65.70,66.18,65.51,65.63,9864264,0
20150430,65.39,65.92,64.32,64.66,10298594,0
20150501,65.09,65.50,63.88,64.32,9870805,0
20150504,64.32,65.44,64.01,64.68,8493539,0
20150505,64.20,64.90,63.78,63.86,7635922,0
20150506,64.11,64.53,63.40,63.94,8476305,0
20150507,63.59,64.81,63.59,64.70,8638220,0
20150508,65.10,65.80,64.90,65.24,7541105,0
20150511,65.19,65.80,65.08,65.20,7978734,0
20150512,64.75,65.27,64.59,64.81,5926976,0
20150513,64.98,65.32,64.63,65.30,8519240,0
20150514,65.86,66.27,64.94,65.97,5868887,0
20150515,65.93,66.52,65.91,65.99,6315597,0
20150518,65.79,65.91,65.14,65.61,7858090,0
20150519,65.71,66.12,65.40,65.73,7674605,0
20150520,65.92,66.20,65.39,65.89,9955983,0
20150521,65.45,65.81,64.87,65.65,10553421,0
20150522,65.48,65.87,65.31,65.48,14041469,0
20150526,65.72,67.00,65.66,66.10,21034326,0
20150527,66.75,67.99,66.57,67.38,40778841,0
20150528,67.42,67.53,66.63,67.47,12891458,0
20150529,67.22,67.51,66.39,66.59,9450954,0
20150601,66.80,67.26,66.26,66.93,12427634,0
20150602,66.70,67.23,66.33,66.62,11133752,0
20150603,66.90,67.30,66.62,67.01,20804007,0
20150604,66.55,67.87,66.52,67.42,10539019,0
20150605,66.98,67.75,66.62,67.40,8908863,0
20150608,67.86,68.20,67.53,67.79,10276716,0
20150609,67.52,68.08,67.51,67.67,8132783,0
20150610,67.66,68.44,67.54,68.24,7349344,0
20150611,68.67,68.67,67.65,68.04,7552238,0
20150612,67.89,67.93,66.59,67.05,8249850,0
20150615,66.66,67.05,66.10,66.91,7028434,0
20150616,66.72,67.40,66.62,66.77,5201034,0
20150617,66.97,67.99,66.88,67.77,7377100,0
20150618,67.79,69.07,67.79,68.98,9079024,0
20150619,68.50,69.75,68.50,69.48,9979511,0
20150622,69.85,70.60,69.73,70.12,10124881,0
20150623,70.01,70.49,69.57,70.02,8720018,0
20150624,70.52,70.75,69.03,69.22,9308199,0
20150625,69.67,70.38,69.29,69.82,6191194,0
20150626,69.95,70.60,69.68,70.46,9669509,0
20150629,69.27,70.02,67.08,67.18,12057161,0
20150630,68.00,68.22,66.66,67.19,11625858,0
20150701,67.90,68.60,67.68,68.51,7694912,0
20150702,68.68,68.90,67.79,68.21,6245709,0
20150706,67.53,69.00,67.49,68.22,17029081,0
20150707,68.42,68.79,67.32,68.56,7821618,0
20150708,67.79,68.44,67.58,67.66,5027199,0
20150709,68.48,68.92,67.80,67.97,6516775,0
20150710,68.94,69.50,68.53,69.23,6891365,0
20150713,69.42,69.70,69.17,69.57,5507019,0
20150714,69.71,70.52,69.40,69.80,6628269,0
20150715,69.81,70.04,69.31,69.75,16761434,0
20150716,70.14,70.30,69.83,69.99,6844740,0
20150717,69.99,70.13,69.70,69.99,6141226,0
20150720,70.00,71.11,69.86,70.80,9633007,0
20150721,70.81,71.60,70.22,70.54,5028503,0
20150722,70.26,70.65,70.03,70.56,5702116,0
20150723,70.25,70.93,70.14,70.52,5636576,0
20150724,67.53,69.01,67.35,68.08,13495180,0
20150727,68.46,70.96,68.46,69.34,12841481,0
20150728,69.50,71.44,69.08,71.23,10098343,0
20150729,71.29,71.51,70.74,70.77,6793252,0
20150730,70.86,70.88,69.27,70.16,6820441,0
20150731,70.38,70.38,69.73,70.01,6181288,0
20150803,70.19,70.79,69.28,69.73,9872339,0
20150804,70.04,70.39,69.67,69.95,5410932,0
20150805,70.10,70.64,70.05,70.30,10090191,0
20150806,70.37,70.78,68.80,69.24,6172233,0
20150807,69.08,69.30,67.77,68.62,6214464,0
20150810,68.92,69.43,68.50,69.21,8189435,0
20150811,68.50,69.29,67.94,68.25,7473179,0
20150812,67.83,68.92,67.24,68.75,8575110,0
20150813,68.68,69.09,68.21,68.54,7184948,0
20150814,68.56,69.44,68.41,68.65,5864797,0
20150817,68.71,69.82,68.30,69.37,17669881,0
20150818,69.42,69.74,68.67,68.86,6376484,0
20150819,68.75,69.08,68.21,68.59,6270289,0
20150820,68.00,68.43,67.48,67.48,9600934,0
20150821,66.74,67.16,65.83,65.90,16277061,0
20150824,61.17,64.85,53.87,63.45,24292618,0
20150825,65.11,65.12,60.65,60.71,15267011,0
20150826,62.47,63.22,60.88,63.14,15289586,0
20150827,64.03,64.60,63.00,64.51,12592052,0
20150828,63.91,64.78,63.44,63.98,7316411,0
20150831,64.14,64.31,62.25,62.41,15581121,0
20150901,61.00,61.63,60.16,60.50,12703188,0
20150902,61.56,61.60,60.28,60.98,12044504,0
20150903,61.45,62.28,61.35,61.58,11777372,0
20150904,60.65,60.80,58.96,59.77,9281556,0
20150908,60.22,60.94,59.91,60.57,9263233,0
20150909,61.52,61.52,59.11,59.26,8436873,0
20150910,59.36,60.13,58.89,59.58,9306601,0
20150911,59.62,59.76,58.97,59.35,9365374,0
20150914,59.43,59.62,57.54,58.94,9095647,0
20150915,58.98,59.44,58.37,59.20,10474719,0
20150916,59.50,59.64,58.63,59.51,8044172,0
20150917,59.56,60.92,59.39,59.86,10281713,0
20150918,59.42,61.83,58.97,61.22,28957042,0
20150921,61.24,61.74,59.28,59.39,11038088,0
20150922,58.17,58.26,56.91,57.74,14192008,0
20150923,57.90,58.40,57.15,57.43,9827049,0
20150924,56.93,57.48,55.92,56.57,8625466,0
20150925,57.84,57.88,55.08,55.74,8673485,0
20150928,55.39,55.43,52.34,52.50,15122978,0
20150929,53.10,54.19,51.88,52.79,12842820,0
20150930,53.54,54.50,53.36,54.41,11895458,0
20151001,54.68,55.23,53.93,55.13,9255780,0
20151002,53.87,55.85,53.72,55.82,6942597,0
20151005,56.39,56.95,55.44,56.68,9332752,0
20151006,56.26,56.67,53.96,55.08,9008251,0
20151007,54.85,56.55,53.91,55.63,11075593,0
20151008,55.13,56.16,54.80,56.04,6737334,0
20151009,56.18,56.50,55.47,55.64,7178537,0
20151012,55.80,56.27,55.52,55.77,6515047,0
20151013,55.17,55.36,53.71,53.80,9467938,0
20151014,54.09,54.62,53.56,53.94,8727377,0
20151015,54.32,56.20,53.85,56.14,7781605,0
20151016,56.29,56.97,55.79,56.53,7342847,0
20151019,56.29,56.70,55.69,56.16,6463038,0
20151020,56.15,56.38,54.63,54.83,6494588,0
20151021,55.28,55.61,53.07,53.83,11756513,0
20151022,53.88,54.44,45.45,48.27,46517686,0
20151023,49.41,51.73,48.64,50.34,26214800,0
20151026,50.17,52.48,49.35,51.87,13890440,0
20151027,52.01,53.49,52.01,52.58,11710809,0
20151028,52.82,53.84,52.08,53.26,7868971,0
20151029,53.20,55.18,53.02,54.10,9304434,0
20151030,57.87,60.73,57.66,59.55,27465631,0
20151102,61.60,64.20,61.44,63.38,17008651,0
20151103,63.12,63.72,61.92,62.43,8754666,0
20151104,62.43,64.15,62.30,63.80,10342614,0
20151105,63.70,64.18,61.69,62.77,10237219,0
20151106,62.25,64.30,62.13,64.13,7261142,0
20151109,63.62,64.13,63.11,63.23,8223290,0
20151110,63.33,63.62,62.28,62.30,6897603,0
20151111,62.20,62.27,60.57,60.86,8212540,0
20151112,60.79,61.73,60.15,60.23,7765549,0
20151113,60.01,60.97,58.89,59.86,7834420,0
20151116,59.74,60.81,59.56,60.01,6965093,0
20151117,60.10,61.73,59.73,60.38,8405388,0
20151118,60.26,61.06,59.85,60.99,5470204,0
20151119,61.22,61.73,60.14,60.55,5571215,0
20151120,60.94,61.36,60.57,61.11,7490184,0
20151123,61.31,61.53,60.84,61.15,6404954,0
20151124,60.56,61.65,60.53,61.13,5214644,0
20151125,61.10,61.13,60.21,60.29,4879776,0
20151127,60.17,60.45,59.61,60.00,2404142,0
20151130,59.96,60.21,57.96,58.15,12660224,0
20151201,58.23,59.10,57.16,59.02,11290484,0
20151202,59.17,59.39,57.37,57.72,7663000,0
20151203,57.71,57.75,55.53,56.12,9701454,0
20151204,56.50,57.48,56.20,57.18,6748111,0
20151207,57.90,57.99,55.76,56.27,7890933,0
20151208,55.56,56.87,55.51,56.67,6896158,0
20151209,56.28,57.44,55.72,56.03,6207923,0
20151210,56.00,56.65,55.65,55.78,6736882,0
20151211,55.17,55.39,53.85,54.04,9388615,0
20151214,53.71,55.47,53.24,55.44,9419471,0
20151215,56.15,57.00,55.91,56.39,6990048,0
20151216,56.67,57.69,56.20,57.63,6282513,0
20151217,57.66,57.93,56.35,56.38,7848920,0
20151218,55.90,56.10,55.36,55.74,13806955,0
20151221,56.00,56.26,55.70,56.20,4572059,0
20151222,56.54,57.99,56.42,57.59,8390764,0
20151223,57.88,58.61,57.61,58.58,6634423,0
20151224,58.38,58.73,58.00,58.46,2152905,0
20151228,58.27,58.97,57.76,58.75,5585803,0
20151229,59.02,59.70,59.02,59.45,5073892,0
20151230,59.40,60.12,59.31,59.80,5220343,0
20151231,59.50,59.93,59.20,59.24,6104841,0
20160104,58.06,58.32,56.40,57.61,10308397,0
20160105,57.99,58.25,56.81,57.37,7179634,0
20160106,56.37,57.56,56.18,57.38,8952688,0
20160107,56.52,57.84,56.34,57.21,9292609,0
20160108,57.55,57.81,55.48,55.65,7985221,0
20160111,55.86,55.98,52.83,53.88,10483272,0
20160112,54.47,54.97,53.57,54.84,6799565,0
20160113,54.55,54.62,50.98,51.18,10432227,0
20160114,51.32,56.83,50.71,54.56,16704885,0
20160115,53.01,57.41,53.01,57.34,27008784,0
20160119,57.53,57.73,54.23,54.99,13644452,0
20160120,54.21,57.93,53.70,57.15,11993149,0
20160121,57.29,58.77,56.92,58.36,12096954,0
20160122,59.10,59.43,57.82,58.83,10383842,0
20160125,59.03,59.81,58.18,58.65,9681896,0
20160126,59.01,59.27,57.21,58.26,7421073,0
20160127,58.36,58.93,56.45,57.11,9077707,0
20160128,57.23,57.73,54.78,55.85,10521072,0
20160129,53.42,55.31,53.42,54.90,17768683,0
20160201,54.16,54.88,52.51,54.39,11693273,0
20160202,53.64,54.78,53.32,53.95,7918304,0
20160203,54.53,57.18,54.05,56.84,16435661,0
20160204,56.74,57.31,55.35,56.76,10351220,0
20160205,56.25,56.34,52.62,53.12,13263242,0
20160208,52.58,54.10,51.94,52.89,9369377,0
20160209,52.31,53.94,52.06,53.48,7655796,0
20160210,54.11,54.69,52.55,52.72,9302768,0
20160211,52.30,53.12,51.82,52.18,8551125,0
20160212,52.53,52.97,51.60,52.58,9976155,0
20160216,53.44,53.87,52.73,53.51,8312990,0
20160217,54.34,55.15,53.35,55.01,10005667,0
20160218,55.53,55.53,54.17,54.55,6555008,0
20160219,54.50,55.00,53.98,54.29,8532544,0
20160222,54.67,55.32,53.74,55.28,9381829,0
20160223,55.70,56.31,55.00,55.07,8629685,0
20160224,54.66,55.07,54.01,54.89,6633838,0
20160225,55.17,56.23,54.43,56.20,7076286,0
20160226,56.26,56.79,55.80,56.00,5297979,0
20160229,55.87,56.00,54.47,54.61,8395104,0
20160301,54.78,56.34,54.24,56.34,7106044,0
20160302,56.17,56.43,55.40,55.70,7054840,0
20160303,55.69,56.09,55.15,55.93,9283916,0
20160304,56.00,56.70,55.30,56.15,6439655,0
20160307,55.70,56.50,54.83,56.40,7741842,0
20160308,56.18,56.47,55.23,55.32,5303745,0
20160309,55.51,56.65,55.04,56.39,8402476,0
20160310,56.56,57.37,55.32,56.23,5627857,0
20160311,56.40,57.87,56.35,57.73,6537430,0
20160314,57.67,57.73,56.97,57.21,4650827,0
20160315,56.65,56.93,55.13,55.62,5779576,0
20160316,55.58,56.54,55.25,56.31,6245419,0
20160317,56.46,56.46,54.41,55.32,8308759,0
20160318,55.59,56.60,54.80,56.57,11029792,0
20160321,56.52,56.78,55.73,56.01,6632920,0
20160322,55.75,57.54,55.75,57.50,7661629,0
20160323,57.16,57.50,56.22,56.36,5116420,0
20160324,56.14,56.25,55.67,56.12,5278949,0
20160328,56.35,56.70,55.80,56.11,3803128,0
20160329,56.10,57.10,55.22,57.05,4567919,0
20160330,57.43,57.53,56.72,57.00,3650279,0
20160331,57.02,57.46,56.82,57.12,4930321,0
20160401,56.58,57.57,56.36,57.42,4525718,0
20160404,57.64,59.40,57.49,59.21,8108130,0
20160405,58.54,59.56,58.08,58.54,6779355,0
20160406,58.52,59.90,58.52,59.89,6322768,0
20160407,59.42,59.90,58.76,59.30,7827557,0
20160408,59.49,59.80,58.17,58.47,5749998,0
20160411,58.59,59.25,58.25,58.50,4893954,0
20160412,58.98,60.05,58.69,59.89,7243661,0
20160413,59.87,60.00,58.70,59.06,7023002,0
20160414,59.15,59.49,59.00,59.28,5185595,0
20160415,59.55,59.74,58.78,59.51,4660835,0
20160418,59.50,60.32,59.30,59.88,6089417,0
20160419,60.09,61.23,59.67,60.17,6149273,0
20160420,60.17,61.11,59.96,60.48,4443645,0
20160421,60.57,61.43,60.54,61.37,5702353,0
20160422,61.30,61.99,60.96,61.42,5103024,0
20160425,61.13,61.30,60.75,60.97,4320521,0
20160426,60.96,61.29,60.53,60.93,4281696,0
20160427,60.93,61.48,60.25,60.70,6679223,0
20160428,58.56,62.10,57.53,61.20,16235445,0
20160429,61.03,61.44,60.48,61.00,13052698,0
20160502,60.79,62.00,60.70,61.44,9512008,0
20160503,60.99,62.09,60.72,61.77,9316558,0
20160504,61.30,61.65,61.01,61.46,8691399,0
20160505,61.41,62.40,61.09,62.34,8646174,0
20160506,62.00,62.74,61.65,62.51,10880707,0
20160509,62.36,63.87,62.28,63.70,9917401,0
20160510,63.51,63.76,63.32,63.74,12103393,0
20160511,63.77,63.83,62.64,62.70,9375150,0
20160512,62.86,63.07,62.39,62.49,9589470,0
20160513,62.15,62.86,61.82,62.00,7339589,0
20160516,61.91,62.62,61.50,62.45,6707435,0
20160517,62.44,62.79,58.50,60.25,31528942,0
20160518,59.87,60.80,59.56,60.46,10622035,0
20160519,60.06,60.35,58.90,59.28,9917904,0
20160520,59.63,60.05,59.03,59.69,11259353,0
20160523,59.75,59.84,59.13,59.30,6468921,0
20160524,59.73,60.91,59.52,60.70,8888080,0
20160525,61.08,61.47,60.79,61.22,5857619,0
20160526,61.00,62.17,60.90,61.90,6537116,0
20160527,61.99,63.20,61.90,62.71,5768006,0
20160531,62.71,63.49,62.64,62.93,7147942,0
20160601,62.90,63.17,62.63,62.83,5284439,0
20160602,62.87,65.15,62.83,65.09,11628027,0
20160603,64.76,65.37,63.75,65.00,10621604,0
20160606,62.13,62.99,61.87,62.82,16403352,0
20160607,62.59,63.59,62.30,63.10,10980086,0
20160608,62.21,62.30,61.37,61.73,13172984,0
20160609,61.50,62.17,60.51,60.75,11503706,0
20160610,59.99,61.01,59.72,61.00,10155643,0
20160613,60.46,61.39,59.85,59.93,11673621,0
20160614,59.46,60.38,59.16,59.90,11560211,0
20160615,60.29,61.27,60.01,60.40,7739270,0
20160616,59.93,60.94,59.91,60.90,7011206,0
20160617,60.88,60.97,59.57,60.01,12574723,0
20160620,60.64,61.18,60.06,60.11,7076452,0
20160621,60.20,60.40,59.75,59.98,6366529,0
20160622,60.00,61.18,59.92,60.39,6718704,0
20160623,60.86,61.32,60.62,61.31,5328196,0
20160624,59.26,60.60,59.18,59.86,9878541,0
20160627,59.38,59.68,58.33,58.68,7947017,0
20160628,59.28,60.13,59.15,59.99,9897585,0
20160629,60.58,62.03,60.23,61.81,9308022,0
20160630,61.79,62.02,61.14,61.91,7920605,0
20160701,61.98,63.22,61.83,62.71,6533694,0
20160705,62.50,62.71,61.77,61.92,6293647,0
20160706,61.84,63.76,61.80,63.37,9202151,0
20160707,63.60,63.75,63.21,63.43,7081909,0
20160708,63.48,64.48,62.74,64.16,7921725,0
20160711,64.25,64.99,64.07,64.35,9641532,0
20160712,64.67,65.81,64.32,65.50,11870533,0
20160713,64.81,65.04,64.25,64.77,7684239,0
20160714,63.70,64.14,62.94,63.62,12090057,0
20160715,63.82,64.17,63.13,63.32,8827486,0
20160718,63.23,63.77,63.18,63.56,6384755,0
20160719,63.41,63.97,63.09,63.32,5794503,0
20160720,63.57,63.90,63.33,63.41,7502821,0
20160721,63.23,64.00,63.17,63.89,6515660,0
20160722,64.00,64.09,63.58,63.81,4972888,0
20160725,63.91,64.50,63.71,64.32,7241174,0
20160726,64.41,64.73,63.96,64.45,4885238,0
20160727,64.42,65.11,64.32,64.90,6220402,0
20160728,64.79,65.06,63.93,64.72,6556138,0
20160729,65.27,66.40,65.15,66.23,10525016,0
20160801,66.23,67.08,66.23,66.94,7599007,0
20160802,66.93,67.06,66.05,66.78,8763200,0
20160803,66.81,67.00,66.22,66.57,6355090,0
20160804,66.58,66.98,66.08,66.10,4901851,0
20160805,66.15,66.60,66.12,66.54,5045559,0
20160808,66.38,66.67,65.75,66.34,5309293,0
20160809,66.34,67.25,66.25,66.76,5717281,0
20160810,66.70,66.96,66.19,66.43,4506059,0
20160811,66.86,67.11,66.70,66.95,4246610,0
20160812,66.86,67.39,66.55,67.19,5215441,0
20160815,67.47,68.12,67.32,67.39,5215360,0
20160816,67.13,67.61,66.50,66.74,7147645,0
20160817,66.69,67.35,66.35,66.83,7945418,0
20160818,66.57,67.43,66.55,66.77,8205847,0
20160819,66.57,67.18,66.51,67.10,6709360,0
20160822,67.31,67.79,66.92,67.01,7884845,0
20160823,67.26,67.49,65.99,66.17,10227754,0
20160824,66.31,66.53,64.84,65.06,8551058,0
20160825,65.04,65.43,64.27,64.72,6378983,0
20160826,64.68,65.02,64.21,64.61,7041630,0
20160829,64.84,65.09,64.19,64.51,5099249,0
20160830,64.54,64.71,64.11,64.16,5531774,0
20160831,64.21,64.45,63.50,64.10,6750010,0
20160901,64.10,64.14,63.61,64.03,5126674,0
20160902,64.37,64.48,63.87,64.12,4100767,0
20160906,64.70,64.90,64.05,64.61,6286293,0
20160907,64.37,65.14,64.29,64.97,5714320,0
20160908,63.96,64.15,63.44,64.06,8238846,0
20160909,63.22,64.00,63.06,63.36,8848534,0
20160912,62.98,64.23,62.66,64.08,6653007,0
20160913,63.66,64.15,63.01,63.34,7640367,0
20160914,63.41,63.96,63.06,63.34,5889959,0
20160915,63.17,63.82,62.92,63.35,7811582,0
20160916,63.53,63.79,63.17,63.27,11165269,0
20160919,63.62,63.71,62.83,62.91,7903516,0
20160920,63.36,63.55,62.76,63.28,4826460,0
20160921,63.49,64.25,63.20,64.10,7587358,0
20160922,64.12,65.20,64.08,65.08,5416092,0
20160923,65.05,65.33,64.75,64.98,5154154,0
20160926,64.52,64.88,64.02,64.07,5567717,0
20160927,63.95,64.75,63.69,64.57,4358334,0
20160928,64.94,64.94,63.89,64.22,5645599,0
20160929,64.30,64.31,62.80,62.82,6431183,0
20160930,62.67,63.26,62.45,63.07,7325429,0
20161003,63.02,63.29,62.25,63.23,4239556,0
20161004,63.31,63.53,62.55,63.00,4719437,0
20161005,63.08,63.75,63.00,63.39,4442517,0
20161006,63.16,63.21,62.56,62.83,4446105,0
20161007,63.10,63.58,62.50,62.93,3812671,0
20161010,63.07,63.66,62.92,63.31,3135309,0
20161011,63.08,63.26,62.05,62.39,5308425,0
20161012,62.00,62.23,61.02,61.21,4563796,0
20161013,60.96,61.61,60.68,61.15,5988601,0
20161014,61.45,61.52,60.15,60.17,5606474,0
20161017,60.10,60.71,59.86,60.14,6138658,0
20161018,60.62,61.62,60.40,61.55,6655071,0
20161019,62.04,62.16,61.17,61.43,5588887,0
20161020,61.45,61.98,61.33,61.76,4391317,0
20161021,61.38,61.44,60.65,60.98,4341713,0
20161024,61.13,61.68,61.02,61.12,3934849,0
20161025,61.06,61.66,60.95,61.55,6432753,0
20161026,61.51,61.71,60.71,61.02,4560833,0
20161027,61.45,61.72,60.60,61.46,6612491,0
20161028,57.55,58.39,55.06,57.60,24865263,0
20161031,57.06,57.30,55.72,55.78,14185793,0
20161101,56.00,56.61,55.68,56.45,9799441,0
20161102,56.46,57.19,56.40,56.79,9779080,0
20161103,57.12,57.29,55.85,55.89,9842567,0
20161104,56.07,56.87,55.87,56.04,11186952,0
20161107,56.81,61.16,56.64,58.91,17763114,0
20161108,58.80,59.61,58.03,58.81,9387745,0
20161109,64.10,64.70,60.41,62.64,18693998,0
20161110,63.06,65.05,62.79,64.00,15948718,0
20161111,63.54,63.85,62.79,63.10,10201578,0
20161114,63.40,63.64,62.25,62.97,8315696,0
20161115,63.39,63.39,61.98,62.87,5610308,0
20161116,62.67,62.97,61.42,61.54,6571245,0
20161117,61.75,61.99,61.13,61.70,4879537,0
20161118,61.65,62.14,60.39,60.52,7023246,0
20161121,60.70,60.80,60.20,60.42,6328304,0
20161122,60.49,60.56,58.61,58.93,8518573,0
20161123,58.81,60.38,58.60,60.18,5580284,0
20161125,60.04,60.67,59.67,60.51,2942309,0
20161128,59.13,59.94,59.01,59.46,6274639,0
20161129,59.70,62.10,59.52,61.59,11858788,0
20161130,61.63,61.84,60.63,60.80,9025182,0
20161201,60.83,60.83,58.75,59.16,8266158,0
20161202,59.19,60.00,58.95,59.43,8020668,0
20161205,59.60,61.22,59.57,60.86,10227657,0
20161206,60.76,61.72,60.33,61.62,7610418,0
20161207,60.26,60.65,58.80,59.99,13095613,0
20161208,60.02,60.98,59.09,60.90,9192264,0
20161209,61.19,61.93,60.92,61.54,7102861,0
20161212,61.53,62.45,61.51,62.04,5984503,0
20161213,62.33,62.44,61.36,61.99,8599585,0
20161214,61.55,62.30,61.51,61.67,5115655,0
20161215,61.80,62.11,61.55,62.02,6416907,0
20161216,62.12,62.49,61.83,62.22,10555844,0
20161219,62.37,63.33,62.12,62.22,5976755,0
20161220,62.34,62.71,61.75,62.16,5751786,0
20161221,62.23,62.41,61.43,61.45,5498667,0
20161222,61.58,61.92,61.35,61.66,5625978,0
20161223,61.78,62.40,61.47,62.34,4798112,0
20161227,62.52,63.02,62.41,62.50,5396206,0
20161228,62.51,62.75,62.25,62.27,5190362,0
20161229,62.39,63.06,62.39,62.73,4990040,0
20161230,62.73,62.93,62.41,62.62,5999195,0
20170103,62.92,63.03,61.94,62.41,9328198,0
20170104,62.64,63.80,62.64,63.29,8674823,0
20170105,63.38,63.95,63.03,63.77,5359393,0
20170106,63.88,64.00,63.52,63.79,4722267,0
20170109,63.80,64.38,63.75,64.21,8794509,0
20170110,64.05,64.50,63.77,64.07,6523547,0
20170111,63.38,63.65,60.59,61.14,13565179,0
20170112,60.77,61.43,60.42,61.28,8194353,0
20170113,61.35,62.41,61.05,61.99,7295072,0
20170117,61.75,62.04,61.10,61.86,8446663,0
20170118,61.76,62.14,61.32,61.66,5519407,0
20170119,61.45,61.88,61.12,61.38,5384163,0
20170120,61.41,61.77,61.08,61.15,6730041,0
20170123,61.02,61.26,60.68,60.96,5244715,0
20170124,60.91,60.93,59.67,60.58,6642033,0
20170125,60.60,61.63,60.34,61.38,8052806,0
20170126,61.16,61.90,61.07,61.27,7765266,0
20170127,60.00,61.25,59.52,60.00,14151233,0
20170130,59.91,60.47,59.27,60.43,7792654,0
20170131,60.01,61.32,59.75,61.11,8149764,0
20170201,61.07,61.10,60.27,60.89,5888681,0
20170202,60.65,61.12,60.48,60.89,5365347,0
20170203,60.90,61.06,60.44,60.67,6470271,0
20170206,60.51,60.97,60.35,60.65,5358137,0
20170207,60.65,60.87,60.40,60.56,4210335,0
20170208,60.14,61.02,60.05,60.52,5357808,0
20170209,60.74,61.00,60.42,60.84,4324649,0
20170210,60.85,61.00,60.27,60.42,5749160,0
20170213,60.58,60.86,60.43,60.51,6396046,0
20170214,60.44,60.98,60.15,60.82,13562193,0
20170215,60.92,61.84,60.40,61.65,8927630,0
20170216,61.67,61.91,60.81,61.48,5662016,0
20170217,61.54,62.08,61.17,61.77,8124442,0
20170221,61.84,62.11,61.50,61.83,8503519,0
20170222,61.72,61.95,61.30,61.36,6422208,0
20170223,61.68,62.24,61.45,61.94,8057672,0
20170224,61.92,62.23,61.49,62.09,6536399,0
20170227,62.02,62.37,61.68,62.22,5214091,0
20170228,62.11,62.40,61.69,61.84,6756122,0
20170301,62.16,62.93,61.95,62.83,7737382,0
20170302,62.78,63.60,62.60,63.25,8190430,0
20170303,63.11,63.53,62.83,63.34,6125782,0
20170306,63.00,63.85,62.88,63.55,6837019,0
20170307,63.14,64.14,62.97,63.69,9638038,0
20170308,63.75,64.68,63.50,64.14,7049660,0
20170309,64.14,64.72,64.05,64.50,6957213,0
20170310,65.30,66.45,65.11,65.88,12788109,0
20170313,65.87,65.94,65.30,65.85,7577385,0
20170314,65.88,66.05,65.60,65.67,3728039,0
20170315,65.70,66.79,65.68,66.55,5241216,0
20170316,66.40,66.45,65.55,65.90,5162786,0
20170317,66.04,66.09,65.50,65.69,11288046,0
20170320,65.78,66.01,65.56,65.80,4252114,0
20170321,65.96,66.00,65.04,65.35,5187438,0
20170322,65.38,65.73,65.10,65.52,5662572,0
20170323,65.52,66.07,65.36,65.65,4099497,0
20170324,65.51,66.11,65.32,65.62,4056311,0
20170327,65.37,66.28,65.24,66.10,4962319,0
20170328,65.96,66.21,65.64,65.98,5067383,0
20170329,65.95,66.27,65.68,65.77,3649941,0
20170330,65.76,65.82,65.25,65.46,3749633,0
20170331,65.46,65.52,65.15,65.16,4057839,0
20170403,65.24,65.59,64.88,65.03,5229561,0
20170404,65.12,65.30,64.83,65.11,3457881,0
20170405,65.23,65.76,64.86,64.96,4396317,0
20170406,65.03,65.20,64.65,65.08,4628438,0
20170407,65.06,65.93,64.83,65.54,6089261,0
20170410,65.50,65.78,64.91,64.97,7136184,0
20170411,64.43,64.43,63.32,64.18,5404537,0
20170412,64.17,64.41,63.67,64.37,6121973,0
20170413,64.24,64.72,64.09,64.13,3896680,0
20170417,64.79,64.97,64.06,64.31,4189518,0
20170418,64.03,64.08,63.12,63.65,4755959,0
20170419,63.90,63.93,63.31,63.45,4057127,0
20170420,63.72,64.00,63.29,63.78,5708615,0
20170421,63.76,64.29,63.55,63.82,4154869,0
20170424,64.40,65.16,64.26,64.66,7120988,0
20170425,64.94,65.63,64.82,65.10,5352864,0
20170426,65.19,65.92,65.02,65.04,5008927,0
20170427,65.45,67.50,65.12,66.07,11692878,0
20170428,66.06,66.32,65.44,65.94,5521146,0
20170501,66.00,66.67,65.94,66.48,4575844,0
20170502,66.51,66.68,66.18,66.63,4342819,0
20170503,66.45,66.88,66.21,66.74,4993409,0
20170504,66.74,67.40,66.62,67.23,4287407,0
20170505,67.19,67.22,66.32,66.99,4587787,0
20170508,66.94,66.95,66.14,66.21,4497397,0
20170509,66.20,66.95,65.86,66.17,4395161,0
20170510,66.16,66.23,65.36,65.98,5140246,0
20170511,65.90,65.96,64.66,65.30,7853758,0
20170512,65.27,66.19,65.21,66.06,6093484,0
20170515,66.07,66.85,65.95,66.67,8527854,0
20170516,66.73,66.92,66.33,66.85,6313452,0
20170517,64.98,66.34,64.61,65.37,12771373,0
20170518,65.37,66.10,65.20,65.63,6000963,0
20170519,65.74,66.01,65.31,65.58,6731832,0
20170522,65.55,65.62,64.80,65.44,5541712,0
20170523,65.44,66.26,65.43,65.84,4676497,0
20170524,65.79,66.12,65.57,65.93,3232250,0
20170525,66.06,66.57,65.80,66.32,4058348,0
20170526,66.14,66.41,65.85,66.06,4083006,0
20170530,65.89,66.20,65.81,66.02,4803867,0
20170531,66.24,66.41,65.61,66.02,6935838,0
20170601,66.26,66.72,66.12,66.71,4554745,0
20170602,66.81,67.31,66.62,67.25,5645994,0
20170605,67.25,67.86,66.88,67.51,4918062,0
20170606,67.48,68.10,67.37,67.87,5494466,0
20170607,68.01,69.32,68.01,68.75,8406339,0
20170608,68.67,69.05,68.34,68.76,6082516,0
20170609,68.80,69.83,68.72,69.67,6159800,0
20170612,69.79,69.90,68.89,69.53,6084294,0
20170613,69.62,70.03,69.42,69.67,5269007,0
20170614,69.48,70.79,69.37,70.52,6639136,0
20170615,70.34,70.65,69.88,70.60,4682694,0
20170616,70.80,71.12,70.49,71.05,9342262,0
20170619,71.11,71.59,70.94,71.34,6396250,0
20170620,71.44,71.81,71.16,71.22,6542849,0
20170621,71.11,71.70,71.05,71.34,6096825,0
20170622,71.49,73.67,71.41,73.18,9998906,0
20170623,73.20,73.49,72.26,72.64,7064455,0
20170626,72.79,72.95,72.41,72.74,4019452,0
20170627,72.70,73.06,72.25,72.39,4490570,0
20170628,72.72,73.54,72.58,72.92,4196191,0
20170629,73.15,73.17,71.91,72.48,4444714,0
20170630,72.57,72.82,72.21,72.51,4729149,0
20170703,72.76,72.99,72.37,72.42,2570706,0
20170705,72.48,72.74,71.99,72.48,4751870,0
20170706,72.24,72.45,71.41,71.73,4372054,0
20170707,72.11,72.11,71.63,72.03,4333674,0
20170710,71.80,72.23,71.58,71.83,3158342,0
20170711,71.89,72.17,71.33,71.84,3535144,0
20170712,71.51,72.13,71.30,71.88,4860230,0
20170713,71.94,72.90,71.67,72.63,5189786,0
20170714,72.62,73.23,72.51,73.11,4335669,0
20170717,73.10,73.47,72.69,72.70,3461573,0
20170718,72.63,72.86,71.75,72.23,5269109,0
20170719,72.48,72.77,72.02,72.77,3904137,0
20170720,72.99,74.22,72.95,74.01,5329746,0
20170721,73.98,75.04,73.85,74.63,4961484,0
20170724,74.63,74.75,73.84,73.91,5497780,0
20170725,74.40,74.55,72.47,72.52,6354207,0
20170726,72.37,72.69,71.95,72.59,4876980,0
20170727,72.78,72.80,70.88,71.73,7389286,0
20170728,71.64,72.44,69.38,70.44,8012352,0
20170731,70.52,70.58,69.83,69.91,7770409,0
20170801,70.03,70.84,69.85,70.38,6681693,0
20170802,70.25,70.74,69.93,70.71,4922217,0
20170803,70.61,71.01,70.36,70.99,4400362,0
20170804,71.17,71.37,70.35,70.99,4732537,0
20170807,70.94,71.23,70.64,71.22,3551071,0
20170808,71.33,71.91,71.01,71.47,4398003,0
20170809,71.26,72.14,71.10,72.02,4536324,0
20170810,72.01,72.19,70.39,70.44,5940330,0
20170811,70.74,71.01,70.43,70.63,3248300,0
20170814,71.23,71.29,70.70,70.82,2648761,0
20170815,71.08,71.14,70.28,70.34,3724142,0
20170816,70.49,70.75,70.11,70.42,4751633,0
20170817,70.60,70.68,69.83,69.85,5086004,0
20170818,69.52,70.44,69.47,69.96,4016367,0
20170821,69.92,70.83,69.91,70.70,4666390,0
20170822,70.91,71.88,70.76,71.75,3588963,0
20170823,71.29,71.90,71.27,71.52,3071296,0
20170824,71.72,72.31,71.40,72.11,4088257,0
20170825,72.22,72.78,72.21,72.48,3871184,0
20170828,72.67,73.57,72.56,73.32,4574394,0
20170829,72.78,73.90,72.78,73.89,3390799,0
20170830,73.62,74.18,73.58,73.92,3189119,0
20170831,74.11,75.40,73.92,75.30,6177574,0
20170901,75.59,76.00,75.26,75.42,3831839,0
20170905,75.39,75.58,74.73,75.25,6370270,0
20170906,75.61,77.46,75.35,77.05,7755212,0
20170907,77.29,82.45,77.00,81.78,15377321,0
20170908,81.29,86.09,81.11,85.34,14809087,0
20170911,84.46,87.10,84.38,87.00,12686966,0
20170912,86.97,87.97,86.50,87.75,11155613,0
20170913,87.58,88.84,87.42,88.47,9172190,0
20170914,88.23,89.32,88.15,89.22,10272229,0
20170915,89.39,89.69,86.52,87.37,20441496,0
20170918,87.47,87.81,85.08,85.32,9656688,0
20170919,85.54,86.66,85.38,86.37,7786420,0
20170920,86.40,87.48,86.25,87.41,6559434,0
20170921,87.36,87.70,86.67,87.41,7340305,0
20170922,87.22,87.75,86.77,87.48,6806950,0
20170925,86.92,87.78,86.40,86.57,8286962,0
20170926,86.35,86.91,85.16,85.35,5862363,0
20170927,85.35,85.39,83.19,84.75,6581193,0
20170928,86.67,90.95,86.38,88.96,14809264,0
20170929,88.69,89.35,87.67,88.86,6769367,0
20171002,89.74,90.41,88.91,90.39,6600052,0
20171003,90.44,90.64,89.02,89.70,4286870,0
20171004,89.52,90.44,89.31,89.90,3251208,0
20171005,89.69,90.56,89.48,90.18,4382878,0
20171006,90.20,91.33,89.95,90.49,3462155,0
20171009,90.57,91.19,90.15,90.78,3519233,0
20171010,90.71,91.22,89.70,91.17,3490067,0
20171011,91.47,92.61,90.97,92.38,5781985,0
20171012,91.77,91.99,90.91,91.42,4647468,0
20171013,91.41,91.85,90.54,90.67,6095040,0
20171016,91.01,91.99,90.56,91.04,4484989,0
20171017,91.09,92.78,90.95,92.17,5137943,0
20171018,92.35,96.44,92.20,96.04,10759617,0
20171019,95.50,96.62,94.51,96.48,8981991,0
20171020,96.78,98.26,94.89,96.10,6625348,0
20171023,95.93,96.00,94.45,94.51,4390266,0
20171024,94.00,94.14,90.77,91.69,8760973,0
20171025,91.78,92.08,90.73,91.77,6336348,0
20171026,91.86,91.86,85.24,89.56,10105060,0
20171027,92.70,94.97,90.75,91.93,8848998,0
20171030,91.70,92.06,88.91,90.96,6260631,0
20171031,90.88,91.82,90.04,90.25,6772981,0
20171101,90.78,93.34,90.27,92.44,6852430,0
20171102,92.08,92.34,90.19,91.02,4811494,0
20171103,91.30,92.56,90.91,92.31,3581582,0
20171106,92.22,93.58,91.42,92.96,4867331,0
20171107,92.98,95.68,92.96,93.96,6341399,0
20171108,94.31,96.37,93.84,95.71,6660680,0
20171109,95.29,96.37,95.26,95.89,5111130,0
20171110,95.35,95.94,93.56,95.43,5713492,0
20171113,95.37,95.42,94.04,95.12,3727155,0
20171114,94.64,94.91,93.12,94.75,4508903,0
20171115,94.63,94.70,92.72,93.76,4265475,0
20171116,94.44,95.17,93.28,94.47,4130454,0
20171117,93.80,94.49,93.57,93.61,3199021,0
20171120,93.92,94.31,92.89,93.60,4241724,0
20171121,93.70,95.40,93.60,94.68,4178860,0
20171122,94.69,95.40,94.22,94.47,2340013,0
20171124,94.00,94.97,93.55,94.72,1621860,0
20171127,94.69,95.63,94.44,95.42,2990295,0
20171128,95.94,96.89,94.83,95.42,4670713,0
20171129,95.76,96.35,95.03,95.82,3914836,0
20171130,96.36,97.53,96.21,96.92,7154214,0
20171201,97.19,98.52,94.30,96.32,4676348,0
20171204,96.37,96.65,94.65,95.22,4512655,0
20171205,95.45,96.72,95.00,95.41,5134618,0
20171206,95.70,95.79,93.47,94.40,4024577,0
20171207,94.40,94.57,92.90,94.24,3477518,0
20171208,94.62,96.54,94.62,95.95,4892440,0
20171211,95.88,97.31,95.77,96.47,3470575,0
20171212,96.62,96.69,94.76,96.30,3835387,0
20171213,96.60,98.87,96.60,97.35,5171858,0
20171214,97.33,97.44,95.65,96.30,3747945,0
20171215,96.86,97.88,96.64,97.45,9805520,0
20171218,97.67,99.10,97.55,98.19,4074696,0
20171219,98.42,98.55,97.70,97.92,2748332,0
20171220,97.86,98.90,97.22,97.41,3255466,0
20171221,97.82,98.35,97.72,97.91,2127698,0
20171222,97.86,98.69,97.71,98.21,2728282,0
20171226,98.15,98.36,97.05,97.75,2330827,0
20171227,97.73,98.23,97.44,98.09,1820950,0
20171228,98.19,98.39,97.52,97.79,1733762,0
20171229,98.14,98.43,96.71,96.71,3022711,0
20180102,97.14,98.90,96.75,98.41,4444542,0
20180103,98.55,100.10,98.04,99.95,4558622,0
20180104,100.07,100.12,98.35,99.38,3450087,0
20180105,99.34,101.20,98.56,101.11,4346194,0
20180108,101.28,101.28,98.18,99.49,5052261,0
20180109,99.49,100.66,98.70,100.24,3918384,0
20180110,99.65,100.20,99.18,99.69,4017296,0
20180111,99.37,99.49,98.56,99.27,4141362,0
20180112,99.34,100.64,98.66,100.34,3595767,0
20180116,100.26,103.00,100.00,102.49,7021068,0
20180117,103.00,104.84,102.55,104.36,5150584,0
20180118,104.29,104.85,103.44,103.81,5081537,0
20180119,104.33,104.87,103.55,104.64,4645865,0
20180122,104.70,106.54,104.46,106.49,3644035,0
20180123,106.17,106.97,105.03,105.38,4841986,0
20180124,105.26,106.23,104.10,105.51,4170728,0
20180125,105.95,108.37,105.74,108.30,6154705,0
20180126,114.50,125.86,113.50,123.21,18388341,0
20180129,121.50,124.15,118.98,122.31,9838302,0
20180130,119.42,121.45,115.87,115.88,11586195,0
20180131,116.21,116.50,111.29,112.22,14683892,0
20180201,112.24,117.53,112.23,116.34,9285632,0
20180202,115.50,117.93,114.92,115.17,6936833,0
20180205,113.00,115.54,109.40,109.51,9414748,0
20180206,104.91,113.52,101.00,111.20,13636440,0
20180207,111.52,116.85,111.38,113.62,9505616,0
20180208,113.33,114.00,108.32,108.48,6943987,0
20180209,109.57,112.75,106.41,111.30,8744944,0
20180212,112.57,113.33,110.65,111.93,4692988,0
20180213,111.54,112.41,110.39,111.86,4964110,0
20180214,111.04,113.67,110.28,113.08,5575334,0
20180215,113.62,116.33,112.38,114.90,6926812,0
20180216,115.23,119.20,115.20,118.60,8562548,0
20180220,117.72,121.55,117.22,117.98,7992825,0
20180221,118.49,121.30,117.85,117.91,4678791,0
20180222,118.57,119.73,116.58,117.56,4567144,0
20180223,118.41,119.31,116.89,118.75,4195381,0
20180226,119.27,121.72,119.04,121.54,4331074,0
20180227,121.21,122.00,118.16,118.26,4550191,0
20180228,119.00,120.00,115.78,115.83,5920548,0
20180301,115.91,116.61,111.81,113.84,6978783,0
20180302,112.94,115.47,111.89,115.04,5028948,0
20180305,114.00,116.32,112.89,115.66,3758917,0
20180306,116.01,116.30,113.83,114.56,3497158,0
20180307,112.58,114.99,112.21,114.72,4934593,0
20180308,115.00,117.75,114.35,117.01,5349115,0
20180309,117.85,119.66,117.67,119.29,4991848,0
20180312,119.40,119.59,117.93,118.30,4586794,0
20180313,119.26,121.45,118.73,119.75,5075019,0
20180314,120.34,120.67,117.95,118.94,3399942,0
20180315,119.00,119.50,114.88,114.93,5719413,0
20180316,114.89,116.73,113.59,113.71,7878613,0
20180319,113.74,114.98,110.44,112.03,7047619,0
20180320,112.90,114.15,112.09,112.65,4360357,0
20180321,113.08,113.79,111.73,112.45,4063799,0
20180322,104.19,104.50,95.52,98.10,26314606,0
20180323,98.99,100.32,97.37,97.46,14033486,0
20180326,99.49,99.91,91.76,95.28,13491778,0
20180327,95.50,95.72,91.12,92.01,10550362,0
20180328,92.19,96.85,91.58,94.27,10824681,0
20180329,94.52,95.54,93.50,94.65,7205329,0
20180402,94.00,94.64,90.30,91.46,7659539,0
20180403,92.34,92.46,88.22,90.59,10082955,0
20180404,88.71,93.41,88.63,92.94,8535233,0
20180405,93.07,93.27,91.65,92.21,4869407,0
20180406,91.45,92.77,88.79,89.78,6572136,0
20180409,91.39,93.38,90.42,90.48,7234435,0
20180410,91.50,94.39,90.93,93.62,6051427,0
20180411,92.58,94.48,92.40,93.64,6675229,0
20180412,93.71,93.71,92.07,92.12,6046513,0
20180413,92.63,92.64,91.09,91.83,4487001,0
20180416,92.89,93.49,92.31,92.60,3585946,0
20180417,93.20,94.01,92.62,93.59,4413661,0
20180418,94.00,94.60,93.02,94.32,4535219,0
20180419,94.43,94.53,91.40,93.01,4876607,0
20180420,93.41,93.80,92.02,92.60,4616691,0
20180423,92.93,93.80,92.73,93.17,3422008,0
20180424,92.95,93.48,90.44,91.36,5094399,0
20180425,90.96,92.28,90.52,91.87,4969672,0
20180426,94.00,98.55,93.58,97.44,11664122,0
20180427,97.44,99.35,96.37,98.73,6080250,0
20180430,99.05,99.42,96.52,96.55,6567525,0
20180501,102.10,103.37,101.18,102.07,11417325,0
20180502,101.17,101.76,99.96,100.37,7154599,0
20180503,100.20,100.77,98.77,100.28,7479397,0
20180504,99.90,100.93,99.12,100.17,4854513,0
20180507,100.75,101.27,99.24,99.63,6087579,0
20180508,99.13,99.78,98.70,99.40,6259024,0
20180509,99.44,102.04,98.90,101.18,5375187,0
20180510,102.58,103.81,101.93,102.85,5232486,0
20180511,103.46,104.69,102.04,104.18,6300473,0
20180514,104.40,106.30,104.33,105.89,7274412,0
20180515,105.38,105.56,103.59,104.18,8258256,0
20180516,104.46,105.65,104.20,105.04,7183709,0
20180517,105.10,105.41,104.21,105.32,6604683,0
20180518,105.27,106.78,105.11,105.98,5094159,0
20180521,107.00,107.25,105.95,106.23,5571732,0
20180522,106.55,107.24,106.10,106.23,8413393,0
20180523,105.85,106.32,104.74,105.60,10517646,0
20180524,104.55,104.55,101.61,103.14,12134341,0
20180525,102.29,103.14,99.55,101.08,17302216,0
20180529,100.27,101.59,98.93,99.47,23762943,0
20180530,101.86,103.16,100.83,103.01,26156392,0
20180531,100.93,101.10,98.50,98.94,17293565,0
20180601,97.93,99.43,97.90,98.05,13022036,0
20180604,98.48,99.46,97.62,99.10,10747490,0
20180605,99.11,100.34,98.76,99.24,8530761,0
20180606,99.25,99.99,98.32,99.98,4343141,0
20180607,100.25,100.33,98.87,99.32,4480520,0
20180608,99.28,100.50,99.00,100.43,3643264,0
20180611,100.56,101.08,99.41,99.77,5399743,0
20180612,99.80,100.12,98.74,98.91,7180881,0
20180613,98.92,99.23,97.51,97.58,6514061,0
20180614,98.38,98.92,97.75,98.75,4421580,0
20180615,98.77,99.87,98.00,99.57,18372795,0
20180618,99.15,99.33,98.31,98.48,5348358,0
20180619,97.89,98.38,96.93,98.01,5352696,0
20180620,98.22,99.55,97.84,98.25,5339466,0
20180621,97.71,97.99,95.26,95.55,6970445,0
20180622,96.06,96.11,93.43,93.49,8905993,0
20180625,93.47,94.38,92.10,93.05,5435486,0
20180626,93.36,93.86,92.08,92.12,4688952,0
20180627,92.36,93.27,91.47,91.51,5674692,0
20180628,91.34,92.61,90.81,92.43,6596709,0
20180629,92.84,94.46,92.56,92.65,5647272,0
20180702,92.06,93.30,91.85,93.11,3718009,0
20180703,93.58,94.37,93.12,93.61,2377129,0
20180705,94.46,95.06,93.95,94.48,4558449,0
20180706,95.20,97.07,94.96,96.92,5814459,0
20180709,97.98,98.35,96.92,97.04,5592869,0
20180710,97.11,98.95,96.68,98.84,4947284,0
20180711,96.26,97.50,94.87,94.96,6009371,0
20180712,94.92,95.67,94.10,95.61,4474826,0
20180713,94.96,96.86,94.94,96.63,3387387,0
20180716,96.76,96.82,95.26,96.25,3732407,0
20180717,96.27,97.17,95.33,95.41,4220511,0
20180718,95.27,95.43,94.33,94.40,4921353,0
20180719,93.22,93.28,87.76,89.95,19224888,0
20180720,88.71,89.64,86.76,88.91,11688740,0
20180723,89.17,89.99,88.64,89.40,5890890,0
20180724,90.51,91.61,89.75,91.54,7786645,0
20180725,91.08,93.51,91.08,93.12,6998754,0
20180726,93.95,94.56,92.54,93.94,6543874,0
20180727,91.34,92.27,88.77,90.56,12346314,0
20180730,90.67,91.54,89.38,91.45,6320545,0
20180731,91.65,92.63,91.33,92.23,7583883,0
20180801,92.29,94.48,92.28,93.91,5203444,0
20180802,93.58,95.86,93.41,95.12,5873383,0
20180803,94.89,96.85,94.82,96.53,4838645,0
20180806,96.26,97.55,95.74,97.06,4541938,0
20180807,97.30,98.35,93.74,94.06,8607965,0
20180808,93.52,94.08,92.87,93.73,4441432,0
20180809,94.20,96.14,93.47,95.47,5922172,0
20180810,95.35,96.74,95.31,95.80,4075645,0
20180813,96.00,97.58,95.81,96.78,5744289,0
20180814,96.72,97.35,95.74,95.92,5114032,0
20180815,95.92,97.79,95.61,97.45,6652809,0
20180816,97.84,98.65,97.06,98.22,6139432,0
20180817,98.22,99.15,96.42,98.81,5969386,0
20180820,99.33,100.23,97.47,97.63,5033578,0
20180821,97.86,98.05,96.80,97.74,3422012,0
20180822,97.84,98.32,97.13,97.64,2727123,0
20180823,97.69,97.85,96.89,97.15,2027336,0
20180824,97.14,97.59,96.55,97.40,2760565,0
20180827,98.11,98.30,97.30,98.02,2367181,0
20180828,97.79,98.70,97.10,97.26,3183466,0
20180829,97.43,97.83,96.03,97.58,3533100,0
20180830,97.50,97.73,96.56,96.79,3143293,0
20180831,96.25,96.69,95.72,95.98,4501423,0
20180904,95.97,95.97,94.08,94.56,4287163,0
20180905,94.34,95.25,94.09,95.19,4713408,0
20180906,94.79,95.08,92.79,93.74,5254119,0
20180907,93.65,94.35,91.60,94.17,3980152,0
20180910,94.98,95.17,93.70,93.82,3057101,0
20180911,93.72,93.73,92.88,93.18,2507587,0
20180912,92.39,93.94,92.04,93.24,3224184,0
20180913,93.42,96.37,93.41,96.33,4587990,0
20180914,96.29,96.40,94.92,95.68,3238862,0
20180917,95.40,96.16,94.80,95.37,3488472,0
20180918,95.35,96.06,92.41,92.61,9879051,0
20180919,91.71,92.24,90.40,91.02,7842150,0
20180920,91.43,93.12,90.62,92.68,5454254,0
20180921,92.85,93.33,92.05,92.26,8289831,0
20180924,92.30,93.98,91.95,93.42,5645202,0
20180925,93.48,94.64,93.40,93.78,4381739,0
20180926,94.29,95.11,93.85,94.18,4572334,0
20180927,94.35,94.89,93.96,94.14,2916724,0
20180928,94.00,95.16,93.84,94.58,4066176,0
20181001,94.74,95.64,94.33,95.00,3608405,0
20181002,95.34,95.35,93.47,94.23,5958133,0
20181003,94.64,96.60,94.60,96.01,4485668,0
20181004,95.81,95.81,93.26,93.84,4335000,0
20181005,94.10,95.27,92.91,94.38,4146681,0
20181008,94.07,95.37,93.75,94.81,3234491,0
20181009,94.71,95.26,93.80,94.57,3087679,0
20181010,93.85,95.39,92.99,93.08,4821931,0
20181011,93.00,93.38,89.61,90.70,9865307,0
20181012,90.71,91.08,88.90,90.69,5571852,0
20181015,90.51,90.60,89.18,89.18,4827936,0
20181016,89.78,91.98,89.53,91.91,3787230,0
20181017,91.82,92.41,90.83,92.27,2857516,0
20181018,91.85,92.40,89.22,89.90,4422552,0
20181019,89.26,89.99,87.97,87.97,7059616,0
20181022,88.53,88.53,83.50,84.27,7621062,0
20181023,82.58,84.59,81.50,82.96,8096228,0
20181024,82.84,83.13,79.26,79.41,8689417,0
20181025,80.40,83.19,79.66,81.73,9173533,0
20181026,81.02,81.53,79.43,80.79,6181486,0
20181029,82.15,83.17,79.94,81.36,4344019,0
20181030,81.93,82.88,80.13,81.59,5243107,0
20181031,80.98,81.58,77.74,77.85,14068469,0
20181101,77.71,80.65,77.50,80.21,10671714,0
20181102,84.18,84.42,78.76,79.56,12781547,0
20181105,79.45,83.83,79.27,82.58,10315683,0
20181106,82.73,84.23,82.31,83.66,7945508,0
20181107,84.15,87.22,84.14,86.96,10378363,0
20181108,87.13,89.71,87.00,87.73,9333565,0
20181109,87.83,89.53,87.56,88.79,9169755,0
20181112,88.75,89.89,88.50,89.69,9344946,0
20181113,90.00,90.88,88.20,88.22,7237156,0
20181114,89.05,89.40,86.45,88.31,7268214,0
20181115,87.63,90.29,85.96,90.14,10365687,0
20181116,89.73,92.00,89.20,91.53,8691056,0
20181119,91.29,92.34,89.11,89.48,5971688,0
20181120,89.00,89.71,87.86,88.09,5372976,0
20181121,88.50,88.78,85.37,86.15,6532632,0
20181123,85.60,86.55,84.90,85.63,1612814,0
20181126,86.39,87.25,85.21,86.24,5227881,0
20181127,86.22,87.70,85.50,87.68,4338274,0
20181128,88.04,88.96,86.56,88.94,3953645,0
20181129,89.01,90.33,88.36,89.91,3837960,0
20181130,90.26,94.27,89.87,94.27,12031741,0
20181203,94.32,94.72,92.82,93.66,6673817,0
20181204,93.92,94.98,90.40,90.55,7008395,0
20181206,89.70,90.48,87.17,90.33,8734309,0
20181207,89.93,90.00,86.37,86.96,6737665,0
20181210,86.67,87.88,84.60,87.61,5229396,0
20181211,88.62,89.44,86.66,88.17,5098100,0
20181212,89.32,90.17,88.36,88.60,4185087,0
20181213,89.37,89.99,87.37,87.71,4078628,0
20181214,86.80,87.16,85.08,85.61,5461637,0
20181217,85.07,86.88,84.20,84.93,5958247,0
20181218,85.46,85.50,82.80,83.58,5288570,0
20181219,84.33,86.30,82.65,83.52,5510788,0
20181220,82.99,86.48,82.41,85.37,9453309,0
20181221,84.63,88.71,83.22,84.92,16044702,0
20181224,84.85,86.44,83.60,84.16,5097852,0
20181226,84.74,89.09,84.62,89.04,6225197,0
20181227,87.95,89.93,86.86,89.91,7272750,0
20181228,90.09,92.82,90.00,91.12,6037743,0
20181231,91.60,92.99,91.23,92.19,5722155,0
20190102,91.24,91.26,88.42,89.23,6908424,0
20190103,88.64,88.80,86.08,86.29,7653204,0
20190104,87.75,89.14,86.27,89.07,8910646,0
20190107,90.07,90.76,89.20,90.37,7281459,0
20190108,91.20,92.30,90.40,90.79,7478264,0
20190109,90.88,91.39,87.46,87.81,9971898,0
20190110,87.88,88.88,87.12,88.20,6527679,0
20190111,87.54,88.31,87.54,88.31,5318114,0
20190114,86.97,86.97,84.49,84.76,6368939,0
20190115,84.93,85.68,84.45,85.50,7295930,0
20190116,85.66,86.39,85.45,85.55,4926980,0
20190117,85.54,87.69,85.42,87.20,6438679,0
20190118,88.45,89.79,86.92,89.50,6190025,0
20190122,88.86,89.36,87.90,88.66,5664649,0
20190123,88.84,89.28,87.70,88.45,4969576,0
20190124,88.33,88.44,85.10,85.88,8372609,0
20190125,82.51,82.61,79.43,80.54,21348670,0
20190128,80.00,80.10,76.68,77.14,14718799,0
20190129,77.03,78.16,75.77,77.47,13908995,0
20190130,77.69,79.19,76.98,79.06,9277228,0
20190131,78.95,81.31,78.71,80.29,11563935,0
20190201,80.25,80.73,79.11,80.50,6759462,0
20190204,80.30,80.36,77.52,78.53,10205647,0
20190205,78.56,80.06,78.22,79.69,7965491,0
20190206,79.60,79.89,78.79,79.08,4907169,0
20190207,78.35,79.22,77.81,79.17,5877496,0
20190208,79.03,79.86,78.89,79.67,4598892,0
20190211,79.89,80.18,79.17,79.77,4803522,0
20190212,79.99,80.12,78.57,79.93,6620103,0
20190213,80.34,81.32,80.29,80.79,4237241,0
20190214,80.45,80.68,79.72,80.52,3436384,0
20190215,81.13,81.70,80.16,80.85,6295419,0
20190219,80.50,81.52,80.23,80.52,5674713,0
20190220,80.53,80.60,79.14,79.99,5564105,0
20190221,79.74,79.91,78.10,78.75,6360817,0
20190222,79.16,80.19,78.24,80.02,5022750,0
20190225,80.46,80.62,79.88,80.29,5511831,0
20190226,80.20,80.86,80.02,80.51,4283285,0
20190227,80.14,80.14,78.80,79.41,4175746,0
20190228,79.46,79.71,78.75,79.24,6310769,0
20190301,79.77,80.85,79.28,80.10,8567978,0
20190304,80.40,80.73,79.11,79.46,5872471,0
20190305,79.38,79.90,78.72,78.91,5933118,0
20190306,79.13,79.13,77.56,78.09,5293620,0
20190307,77.77,79.12,77.44,78.24,6642529,0
20190308,77.67,78.04,77.09,77.58,6189154,0
20190311,77.57,78.31,77.27,78.08,8078356,0
20190312,78.48,79.14,78.05,78.74,6128895,0
20190313,78.92,79.30,78.15,78.93,5984714,0
20190314,79.00,80.40,78.41,79.95,6161823,0
20190315,80.06,81.46,79.11,81.34,12751221,0
20190318,81.34,81.75,80.28,80.65,5550380,0
20190319,80.33,81.29,79.51,80.82,6335502,0
20190320,80.72,80.91,80.06,80.43,5360886,0
20190321,79.88,81.31,79.26,81.24,5159150,0
20190322,80.78,81.99,79.69,79.76,4992843,0
20190325,79.50,80.04,78.41,79.51,4008385,0
20190326,79.85,81.19,79.80,80.76,4922237,0
20190327,81.00,81.00,79.80,79.89,4006238,0
20190328,80.33,80.49,79.50,79.96,3082307,0
20190329,80.08,80.90,79.96,80.59,7105873,0
20190401,80.98,81.11,79.97,80.78,4759386,0
20190402,80.89,83.49,80.80,83.07,6355966,0
20190403,83.62,84.73,82.79,83.08,6083634,0
20190404,83.04,83.38,82.07,82.81,4827927,0
20190405,82.82,84.18,82.67,83.45,3996624,0
20190408,83.70,84.00,82.78,83.98,3499353,0
20190409,83.77,83.78,82.50,82.69,3712813,0
20190410,83.20,83.38,82.60,82.95,3641988,0
20190411,83.20,83.25,81.23,81.77,9094188,0
20190412,80.67,81.81,79.84,80.78,5011702,0
20190415,80.96,81.51,80.37,81.03,3495510,0
20190416,81.11,81.30,80.02,80.21,3624812,0
20190417,80.10,80.20,77.55,77.98,6817105,0
20190418,78.06,78.21,76.81,77.57,7785262,0
20190422,77.60,79.10,77.50,78.15,5358633,0
20190423,78.15,79.66,77.75,78.66,9920595,0
20190424,79.23,79.59,78.44,78.67,7056350,0
20190425,80.05,80.47,76.91,79.34,10442915,0
20190426,79.67,80.65,79.40,79.70,5789966,0
20190429,80.46,80.98,79.91,80.30,6444517,0
20190430,80.68,80.69,78.68,79.39,9367350,0
20190501,79.60,79.68,78.61,78.89,5231917,0
20190502,78.73,78.78,77.60,78.47,5206327,0
20190503,78.72,78.80,78.25,78.71,4527349,0
20190506,77.75,79.52,77.34,79.26,5413247,0
20190507,78.60,78.99,77.17,77.95,4275326,0
20190508,77.95,78.89,77.32,77.99,3820744,0
20190509,77.51,78.13,76.73,77.91,3792357,0
20190510,77.45,77.73,75.62,77.45,4731823,0
20190513,76.30,77.30,76.17,76.87,3858417,0
20190514,77.16,79.36,77.00,78.44,6365499,0
20190515,78.51,79.15,77.48,78.78,4795684,0
20190516,78.98,80.75,78.71,79.50,5404737,0
20190517,78.53,80.08,78.02,79.46,4756826,0
20190520,79.02,80.39,78.91,79.82,4395510,0
20190521,80.33,81.50,80.32,80.88,4841857,0
20190522,80.51,81.75,79.88,81.59,4219477,0
20190523,80.39,81.63,80.32,81.15,3299440,0
20190524,81.09,81.10,79.87,80.06,3872999,0
20190528,80.00,80.10,77.92,78.03,6557817,0
20190529,77.57,78.28,77.10,78.06,4182232,0
20190530,78.52,78.59,77.13,77.61,3533061,0
20190531,77.31,77.57,76.40,76.71,4003268,0
20190603,76.63,76.84,73.81,75.70,8434438,0
20190604,76.14,77.44,75.90,76.75,6447201,0
20190605,77.41,78.17,76.66,77.06,3804787,0
20190606,77.16,77.72,76.86,77.07,4032814,0
20190607,77.49,78.38,77.08,77.43,4829110,0
20190610,77.46,77.75,76.60,76.95,3969351,0
20190611,77.49,78.90,77.49,78.17,4210211,0
20190612,78.25,79.25,78.18,78.57,4165677,0
20190613,78.93,79.20,78.30,78.95,2925049,0
20190614,78.95,79.34,78.21,78.69,4075868,0
20190617,78.40,79.05,78.40,78.65,3083163,0
20190618,78.88,79.20,77.01,78.25,5433470,0
20190619,78.40,78.48,77.29,77.61,6147281,0
20190620,78.24,79.17,78.08,78.34,5346960,0
20190621,78.15,79.08,76.43,78.78,10516967,0
20190624,78.41,79.31,77.85,78.45,5182709,0
20190625,70.47,70.67,65.06,65.70,90131820,0
20190626,67.24,68.41,66.80,68.00,42093838,0
20190627,68.16,70.60,68.10,70.00,22129152,0
20190628,70.58,72.74,70.33,72.72,21381518,0
20190701,73.50,73.85,72.28,73.40,18105496,0
20190702,73.20,74.25,72.32,74.23,12864835,0
20190703,74.35,74.97,73.78,74.96,7434087,0
20190705,74.65,74.79,72.61,72.99,10854945,0
20190708,72.52,73.00,70.88,71.22,13487378,0
20190709,71.18,72.45,70.89,71.24,11832511,0
20190710,71.58,71.74,70.96,71.65,9170420,0
20190711,72.30,72.40,69.85,71.24,13001022,0
20190712,70.30,70.30,68.54,70.28,12903111,0
20190715,70.31,71.02,69.70,70.27,10253429,0
20190716,70.15,70.30,69.13,69.16,10141634,0
20190717,69.33,69.86,68.31,68.32,12205006,0
20190718,68.57,68.95,68.00,68.25,8573306,0
20190719,68.14,68.82,68.10,68.54,9806852,0
20190722,68.50,68.75,67.84,68.00,9962079,0
20190723,68.00,68.44,67.60,67.73,8025288,0
20190724,67.77,67.89,66.76,67.46,12595252,0
20190725,67.46,67.87,66.50,66.66,12403526,0
20190726,67.64,69.14,67.37,67.76,12259324,0
20190729,67.87,68.41,66.88,67.18,10117256,0
20190730,66.92,67.53,66.26,67.18,8143672,0
20190731,66.91,67.38,65.63,66.62,11299984,0
20190801,66.93,67.20,65.11,65.80,13106724,0
20190802,65.50,65.79,65.03,65.35,9653852,0
20190805,64.98,66.12,64.54,65.23,11618789,0
20190806,65.27,65.84,64.29,64.77,10248732,0
20190807,64.38,64.90,63.31,64.46,10532126,0
20190808,64.79,65.45,64.33,65.45,7427587,0
20190809,65.37,66.87,64.29,65.58,10893502,0
20190812,65.24,65.48,64.08,64.53,5265755,0
20190813,64.86,65.93,64.64,65.01,7215089,0
20190814,64.50,64.99,63.50,63.50,9373304,0
20190815,64.12,64.24,62.66,62.98,9195726,0
20190816,63.51,64.81,63.07,64.43,8348143,0
20190819,65.04,66.88,64.97,66.56,9826314,0
20190820,67.38,68.46,66.33,66.41,12043422,0
20190821,67.34,67.92,66.60,67.54,7616572,0
20190822,67.87,68.03,66.81,67.52,6496330,0
20190823,67.28,67.79,65.48,65.97,8905126,0
20190826,66.43,66.93,66.08,66.46,4841405,0
20190827,66.67,66.98,65.49,65.67,7594454,0
20190828,65.57,66.38,65.40,66.07,6873885,0
20190829,66.73,67.03,65.96,66.22,6012024,0
20190830,66.40,66.43,65.49,65.74,6415479,0
20190903,65.78,65.80,64.93,65.40,7916689,0
20190904,65.67,66.42,64.44,66.38,9620661,0
20190905,66.64,67.30,66.43,67.03,5602689,0
20190906,67.26,68.12,67.00,67.62,7502477,0
20190909,67.96,68.00,66.31,66.70,10310875,0
20190910,66.07,68.18,65.65,68.18,12155723,0
20190911,68.38,69.74,68.06,69.49,8369053,0
20190912,70.76,71.17,70.19,70.83,9560136,0
20190913,71.15,71.51,70.48,70.51,8135569,0
20190916,70.37,70.96,69.72,70.58,5991952,0
20190917,70.51,72.09,70.36,71.60,9028483,0
20190918,71.68,71.82,70.81,71.27,6260908,0
20190919,71.40,71.91,71.21,71.67,5551714,0
20190920,72.00,73.00,72.00,72.39,13097276,0
20190923,72.33,73.78,72.05,72.93,8256069,0
20190924,73.83,73.83,72.17,72.95,8228291,0
20190925,72.88,73.24,72.02,72.09,5937916,0
20190926,72.95,74.46,72.62,74.03,10348483,0
20190927,74.21,75.14,73.92,74.85,7677754,0
20190930,74.95,76.44,74.95,75.72,8339264,0
20191001,75.89,76.03,72.94,73.23,10931304,0
20191002,72.89,73.00,71.57,72.13,8394449,0
20191003,72.06,73.94,72.04,73.85,6281735,0
20191004,74.22,75.06,73.95,74.66,7012604,0
20191007,74.72,75.27,74.08,74.33,5802437,0
20191008,73.88,74.75,73.42,73.53,6238279,0
20191009,74.07,74.62,73.25,73.30,5859023,0
20191010,73.22,74.63,73.20,74.45,7452412,0
20191011,73.97,74.34,73.57,73.63,7178535,0
20191014,73.65,74.17,73.39,73.76,5120718,0
20191015,74.20,74.98,73.80,74.50,6173620,0
20191016,74.38,74.98,74.34,74.75,8411839,0
20191017,74.99,76.18,74.65,75.14,7358594,0
20191018,75.24,77.17,75.21,76.46,9481182,0
20191021,76.88,77.85,75.85,77.30,7882560,0
20191022,78.05,78.66,77.75,77.87,6863955,0
20191023,77.79,78.02,77.19,77.75,6195542,0
20191024,77.84,77.89,76.25,76.80,6332465,0
20191025,76.39,76.79,76.22,76.53,5497019,0
20191028,76.67,78.38,76.49,78.33,7146382,0
20191029,78.11,78.74,77.59,78.47,6391548,0
20191030,78.51,79.79,78.01,79.66,7222450,0
20191031,79.71,79.74,78.74,79.55,10009371,0
20191101,80.03,82.18,79.13,81.75,13356251,0
20191104,82.95,83.32,82.14,82.99,9127861,0
20191105,83.17,83.40,81.47,81.84,7475559,0
20191106,81.77,82.25,80.35,82.08,9303603,0
20191107,82.21,82.59,81.08,82.01,6561515,0
20191108,82.10,85.46,82.09,85.21,11364867,0
20191111,84.95,85.68,83.90,85.66,8726578,0
20191112,85.60,88.28,85.55,86.44,12165927,0
20191113,85.74,87.27,85.33,86.66,6012601,0
20191114,86.48,87.75,85.93,87.63,5426584,0
20191115,88.10,89.19,87.26,88.63,8041385,0
20191118,88.34,89.41,88.32,88.73,5773575,0
20191119,89.26,90.41,88.91,89.02,7506386,0
20191120,88.72,88.72,86.54,87.20,10957132,0
20191121,86.79,86.87,85.55,86.52,9614139,0
20191122,86.64,86.79,85.31,86.05,7784778,0
20191125,86.85,87.88,86.06,87.76,9522562,0
20191126,88.15,88.19,86.93,87.72,6432924,0
20191127,87.86,88.81,87.61,88.33,4714647,0
20191129,88.00,88.09,87.22,87.73,3042787,0
20191202,87.84,88.03,87.00,87.03,6532580,0
20191203,85.96,86.48,85.59,85.95,10071013,0
20191204,86.18,87.55,86.12,87.20,6174698,0
20191205,87.25,87.25,86.26,86.72,6072145,0
20191206,87.21,87.71,86.78,86.98,6045168,0
20191209,87.22,87.72,86.38,86.44,5671669,0
20191210,86.92,86.95,86.21,86.56,7816102,0
20191211,86.70,87.26,86.23,86.70,7326806,0
20191212,86.76,88.94,86.75,88.73,6261106,0
20191213,88.78,89.09,87.33,87.84,5976072,0
20191216,88.38,90.12,88.26,89.43,6723627,0
20191217,90.00,90.17,89.07,90.08,8750139,0
20191218,90.05,90.18,89.02,89.33,6490840,0
20191219,89.68,89.68,88.56,88.77,5447327,0
20191220,90.40,91.99,89.15,89.29,19135605,0
20191223,89.53,90.47,89.33,90.25,5908441,0
20191224,90.40,90.40,89.43,89.85,1798844,0
20191226,90.20,90.72,89.45,89.83,4066926,0
20191227,89.98,90.28,88.83,89.20,4087837,0
20191230,89.22,89.73,88.16,88.52,7016346,0
20191231,88.21,88.60,87.88,88.54,4702456,0
20200102,89.08,89.57,88.51,89.55,5162752,0
20200103,88.17,89.39,87.90,88.70,5989437,0
20200106,88.22,89.62,87.98,89.40,6786729,0
20200107,88.93,89.54,88.26,88.89,7257498,0
20200108,89.15,90.06,88.87,89.52,7697073,0
20200109,90.01,90.23,89.05,90.21,7518166,0
20200110,90.23,90.29,88.83,89.06,8583695,0
20200113,89.50,89.50,87.92,88.52,9298850,0
20200114,87.10,88.44,86.77,88.20,8877304,0
20200115,88.18,89.88,88.18,89.26,8490129,0
20200116,89.31,89.80,88.92,89.26,7073377,0
20200117,89.13,89.27,87.79,88.00,10122317,0
20200121,87.68,88.53,87.57,87.99,13552072,0
20200122,88.03,88.17,87.15,87.21,6438919,0
20200123,87.05,87.07,84.99,85.27,12266789,0
20200124,85.43,85.48,82.76,83.54,13215418,0
20200127,85.05,85.93,84.00,84.02,13832033,0
20200128,84.99,84.99,83.64,83.77,8614383,0
20200129,83.80,84.00,83.13,83.20,5704705,0
20200130,82.58,82.79,81.18,81.78,10870022,0
20200131,81.54,81.72,80.41,81.02,13870121,0
20200203,81.31,82.60,80.92,82.30,10146411,0
20200204,83.59,84.71,83.59,84.36,8251461,0
20200205,85.06,87.14,84.88,86.63,10020590,0
20200206,87.89,87.96,86.22,87.18,7769696,0
20200207,89.74,92.98,88.88,92.29,19090317,0
20200210,92.36,95.50,92.11,94.75,13998251,0
20200211,95.26,97.08,95.01,96.00,10682776,0
20200212,95.98,97.86,95.71,97.79,10591004,0
20200213,96.85,97.36,95.23,95.35,10612995,0
20200214,95.23,95.30,93.77,94.05,11175783,0
20200218,93.67,94.50,93.26,93.61,9406845,0
20200219,93.77,94.79,93.02,94.14,6349082,0
20200220,93.93,94.39,92.59,94.23,5446168,0
20200221,93.96,95.52,93.38,94.96,6678156,0
20200224,92.17,93.87,92.15,93.14,10705075,0
20200225,93.32,93.46,88.11,89.18,11366413,0
20200226,88.62,91.18,88.19,88.41,9789105,0
20200227,86.19,89.45,84.20,85.42,14184058,0
20200228,82.79,85.71,81.58,85.71,18460266,0
20200302,86.00,88.78,83.55,88.69,12171084,0
20200303,89.44,90.90,85.66,87.57,12660859,0
20200304,89.27,91.86,88.95,91.75,16590377,0
20200305,90.06,91.71,89.43,90.61,9688386,0
20200306,88.73,89.76,87.26,88.82,12664556,0
20200309,84.00,87.34,82.43,85.27,15806151,0
20200310,88.19,88.22,83.76,87.53,12965837,0
20200311,85.80,86.64,83.57,84.85,10385830,0
20200312,78.85,81.29,77.06,78.61,19935694,0
20200313,83.36,86.32,80.69,85.37,21867670,0
20200316,79.00,82.18,73.58,74.27,20915998,0
20200317,75.71,77.71,69.99,73.02,23204986,0
20200318,70.00,71.39,64.69,71.03,23712811,0
20200319,69.10,74.85,65.33,71.06,19739932,0
20200320,73.00,73.00,66.81,68.82,18844488,0
20200323,67.38,67.75,62.55,64.50,19218987,0
20200324,68.16,71.82,67.09,67.49,18376342,0
20200325,67.92,70.68,65.55,67.91,20017317,0
20200326,68.82,74.31,68.76,73.83,15985184,0
20200327,71.63,75.06,70.71,72.67,12291965,0
