DATE, OPEN, HIGH, LOW, CLOSE, VOL, p
20121002,28.4200,28.4800,27.3900,28.0080,0,0
20121003,28.1800,28.2900,27.7300,27.8300,0,0
20121004,27.8700,28.2100,27.8700,28.0600,16755841,0
20121005,28.2499,28.3700,27.7400,27.8100,17510996,0
20121008,27.8500,27.9000,27.4800,27.5500,17349997,0
20121009,27.5500,27.6200,27.2800,27.3600,16490020,0
20121010,27.5299,27.5299,27.1000,27.2500,24585112,0
20121011,27.3000,27.4100,27.1500,27.2400,13683384,0
20121012,27.3600,27.4000,27.1600,27.2200,11924319,0
20121015,27.4800,27.5000,27.1933,27.2200,12531305,0
20121016,27.4600,27.5000,26.9500,27.1700,16146284,0
20121017,27.0400,27.5000,27.0400,27.4500,11272486,0
20121018,27.5000,27.5600,27.3500,27.4186,8467867,0
20121019,27.4000,27.4400,26.9200,27.0100,16386826,0
20121022,27.0199,27.1300,26.8500,27.0000,13508156,0
20121023,26.7700,26.9400,26.5400,26.6800,11200907,0
20121024,26.7600,26.7600,26.4500,26.5300,10087936,0
20121025,26.6800,26.7900,26.3800,26.4700,11862366,0
20121026,26.4300,26.6400,26.1800,26.6000,16938633,0
20121031,26.7500,26.7900,26.3000,26.5500,11584969,0
20121101,26.6800,26.8500,26.5000,26.8000,10575804,0
20121102,26.8000,26.8000,26.2400,26.2800,27083599,0
20121105,26.2000,26.4600,26.0500,26.4100,12650243,0
20121106,26.0200,26.6300,26.0000,26.4900,14191205,0
20121107,26.2500,26.4200,26.0700,26.2500,12984028,0
20121108,25.8000,26.5900,25.7600,26.1093,32929025,0
20121109,26.0000,26.2300,25.7600,26.0200,19267177,0
20121112,26.0800,26.1700,25.9000,25.9600,8989471,0
20121113,25.8400,26.0500,25.7400,25.7407,12950598,0
20121114,25.7601,25.8100,25.1000,25.1450,18397581,0
20121115,25.0300,25.1800,24.5000,25.1100,18821574,0
20121116,25.1100,25.6000,25.0300,25.5608,18299055,0
20121119,25.8200,25.9100,25.5200,25.8305,10347205,0
20121120,26.0100,26.0400,25.5000,25.5400,11338694,0
20121121,25.7100,25.9000,25.2700,25.4100,14003511,0
20121123,25.4200,25.6500,25.2850,25.6200,5904210,0
20121126,25.5000,25.5900,25.3900,25.5100,10652738,0
20121127,25.5500,25.6100,25.2500,25.2700,9617640,0
20121128,25.1600,25.7000,25.1600,25.6600,14624674,0
20121129,25.7700,25.8000,25.5300,25.7800,12909673,0
20121130,25.7100,25.9900,25.7100,25.8900,11633518,0
20121203,26.0200,26.0200,25.5800,25.6700,8830196,0
20121204,25.7100,25.8800,25.6000,25.7500,9863054,0
20121205,25.7100,25.9000,25.4600,25.4900,12819936,0
20121206,25.5500,25.6500,25.4000,25.5200,7587356,0
20121207,25.6600,25.7400,25.3000,25.5800,10582797,0
20121210,25.6200,26.1000,25.6100,25.9400,11371987,0
20121211,26.0200,26.2300,25.9800,26.1300,11757926,0
20121212,26.0700,26.2000,25.8100,26.0400,10340641,0
20121213,26.0000,26.1700,25.7500,26.1000,10519041,0
20121214,26.1000,26.1200,25.9800,26.0400,8332418,0
20121217,26.0100,26.1600,25.9100,26.0500,12604607,0
20121218,26.0300,26.1600,25.7400,25.8900,19123722,0
20121219,25.8800,26.0800,25.7900,25.9400,12736842,0
20121220,25.9500,26.0800,25.8550,26.0700,10273373,0
20121221,25.7500,25.8100,25.4700,25.7600,20081080,0
20121224,25.6900,25.8000,25.6000,25.6700,2615368,0
20121226,25.6100,25.7400,25.3500,25.3850,5123632,0
20121227,25.2200,25.4300,25.0600,25.3600,8966526,0
20121228,25.1800,25.3700,25.1500,25.2600,8600414,0
20121231,25.0400,25.4900,25.0000,25.4532,10603273,0
20130102,25.8400,26.6900,25.7800,26.6700,17615593,0
20130103,26.7000,26.7700,26.4900,26.6400,8836260,0
20130104,26.7000,26.8300,26.5500,26.7400,7687227,0
20130107,26.6200,26.7400,26.5500,26.6600,7385772,0
20130108,26.5200,26.9200,26.4600,26.6800,14189491,0
20130109,26.7900,27.0800,26.6800,27.0500,11628362,0
20130110,27.1300,27.3400,27.0900,27.3100,16067237,0
20130111,27.3500,27.5400,27.2500,27.4200,10000032,0
20130114,27.4600,27.5200,27.1700,27.4800,8650650,0
20130115,27.5800,27.7400,27.3400,27.7100,9780121,0
20130116,27.7500,27.9200,27.5800,27.8200,9029592,0
20130117,27.8400,28.0800,27.7700,28.0550,23685611,0
20130118,27.9700,28.1000,27.8200,28.0800,15811320,0
20130122,27.7300,28.0400,27.3000,27.5600,18117718,0
20130123,27.5000,27.8900,27.3500,27.7900,14391795,0
20130124,27.9300,28.0299,27.6400,27.8300,14086588,0
20130125,27.8300,27.8900,27.6900,27.7800,11918645,0
20130128,27.8800,27.9300,27.6200,27.8100,6184264,0
20130129,27.5400,27.9250,27.5400,27.8300,6128958,0
20130130,27.8300,27.9800,27.6650,27.7300,5730317,0
20130131,27.6500,27.9500,27.6500,27.7900,7254412,0
20130201,28.0000,28.3200,27.9300,28.2200,9526424,0
20130204,28.0100,28.1500,27.8300,27.8800,8820309,0
20130205,27.9500,28.1100,27.8450,27.9500,10837362,0
20130206,27.9000,28.1300,27.8000,28.0000,10726798,0
20130207,27.6400,28.0750,27.5800,28.0400,14269638,0
20130208,27.8000,28.1000,27.7500,27.7600,10871464,0
20130211,27.7300,27.8000,27.6300,27.7500,9770619,0
20130212,27.7000,27.8300,27.2700,27.6800,14691013,0
20130213,27.7400,27.8100,27.4550,27.7500,13753318,0
20130214,26.6900,27.0200,26.4500,26.5700,36621603,0
20130215,26.8400,27.0700,26.6000,26.7200,21099886,0
20130219,26.7500,27.1900,26.7500,26.9600,17077216,0
20130220,27.0700,27.1500,26.9500,27.0250,16077295,0
20130221,26.9900,27.0450,26.6350,26.8200,15888855,0
20130222,26.8900,27.1300,26.7300,26.7700,16498172,0
20130225,26.7900,27.0800,26.4800,26.4900,15384673,0
20130226,26.5300,26.9800,26.5100,26.9500,13630378,0
20130227,26.8600,27.6700,26.8600,27.5700,13751077,0
20130228,27.5400,27.8550,27.5300,27.6400,14085736,0
20130301,26.9400,27.8550,26.9400,27.8100,17092053,0
20130304,27.7000,28.4400,27.6100,28.2750,20832480,0
20130305,28.3600,28.6700,28.3300,28.5100,17343613,0
20130306,28.5000,28.6700,28.4500,28.5200,9599182,0
20130307,28.6700,28.6800,28.4400,28.5500,11703980,0
20130308,28.6200,28.7500,28.3900,28.5800,7964288,0
20130311,28.5400,28.5800,28.4200,28.4300,8275459,0
20130312,28.4900,28.5500,28.1600,28.2100,12460509,0
20130313,28.3000,28.5100,28.2100,28.4700,8379825,0
20130314,28.5000,28.5500,28.3400,28.5250,8261134,0
20130315,28.4500,28.6800,28.3600,28.4100,18753223,0
20130318,28.2600,28.4650,28.0700,28.3100,7671996,0
20130319,28.2900,28.5400,28.1650,28.3400,7606649,0
20130320,28.5900,28.7200,28.4200,28.6900,8347197,0
20130321,28.5800,28.7400,28.4100,28.5600,10429540,0
20130322,29.3200,30.1225,29.2700,29.7300,33231808,0
20130325,29.9500,30.3000,29.7000,29.8800,18926116,0
20130326,29.9800,30.3000,29.8400,30.2900,10618312,0
20130327,29.9100,30.3800,29.8700,30.3500,13612275,0
20130328,30.4400,30.6600,30.2200,30.6150,13783266,0
20130401,30.4200,30.8100,30.3800,30.6800,7861104,0
20130402,30.6700,30.9500,30.6400,30.8000,9331417,0
20130403,30.7600,30.8300,30.1000,30.2900,12301917,0
20130404,30.4000,30.4100,30.2200,30.2750,7894848,0
20130405,29.8800,30.2100,29.8400,30.0300,10346562,0
20130408,30.1500,30.2000,29.9200,30.1500,15212109,0
20130409,30.1200,30.2400,29.9300,30.1300,8325981,0
20130410,30.1700,30.3550,30.1450,30.2250,13425671,0
20130411,30.5300,30.6500,30.3300,30.3450,12220181,0
20130412,30.5400,30.5800,30.2700,30.5500,7614669,0
20130415,30.6800,30.7500,30.1500,30.1900,10587953,0
20130416,30.2000,30.7300,30.2000,30.6300,8560660,0
20130417,30.3900,30.5200,29.7500,29.8200,14070053,0
20130418,29.7900,30.1600,29.7300,30.1000,11893269,0
20130419,30.1400,31.8000,30.0500,31.6850,24056706,0
20130422,31.4000,31.6500,31.2600,31.5300,12798889,0
20130423,31.5600,32.0200,31.5000,31.8600,13176445,0
20130424,32.0300,32.1000,31.4200,31.4600,10416164,0
20130425,31.6600,31.8300,31.4800,31.6800,10654128,0
20130426,31.7800,31.8000,31.4400,31.5550,9777283,0
20130429,31.5200,31.6600,31.3500,31.6200,7102611,0
20130430,31.5100,31.6900,31.3000,31.4500,9760641,0
20130501,31.3000,31.6900,31.3000,31.4600,11189453,0
20130502,31.4600,31.7400,31.3100,31.4200,7363363,0
20130503,31.6800,31.8300,31.5100,31.7300,8321093,0
20130506,31.6400,31.8000,31.1100,31.1500,9553436,0
20130507,31.0600,31.4300,31.0400,31.4100,7180069,0
20130508,31.1600,31.5000,30.6350,30.9200,22643507,0
20130509,30.9600,31.0500,30.5300,30.5800,10911112,0
20130510,30.7300,30.7800,30.4250,30.6300,14184276,0
20130513,30.5200,30.9050,30.4500,30.8300,11020425,0
20130514,30.8400,31.2700,30.8300,31.1800,13228366,0
20130515,31.2000,31.5300,31.1100,31.5000,6459645,0
20130516,31.4000,31.6800,31.2000,31.4600,10864743,0
20130517,31.4100,31.6200,31.1500,31.5000,11867571,0
20130520,31.4900,31.5100,30.7400,30.8000,10014830,0
20130521,30.9200,31.0100,30.5900,31.0050,7004918,0
20130522,30.9400,31.9900,30.9000,31.7700,18225159,0
20130523,31.4300,31.7600,30.9800,31.2300,14899143,0
20130524,31.0000,31.3300,30.7600,30.9500,10584165,0
20130528,31.2300,31.9200,31.1100,31.2800,10013694,0
20130529,31.0800,31.2100,30.2700,30.2800,14006450,0
20130530,30.0500,30.1700,29.5800,29.6000,17634456,0
20130531,29.3900,29.8400,29.2100,29.4750,17823174,0
20130603,29.4700,29.7500,29.2100,29.7400,8659683,0
20130604,29.9200,30.0600,29.3600,29.5700,9573610,0
20130605,29.4500,29.5900,29.3300,29.4700,7452662,0
20130606,29.5100,29.5800,29.0750,29.2900,10478393,0
20130607,29.5400,29.9600,29.3100,29.8600,8678257,0
20130610,29.8400,30.1800,29.4600,29.5800,10068903,0
20130611,29.9400,29.9700,29.2100,29.8000,11324241,0
20130612,30.0000,30.0500,29.4550,29.5300,8385188,0
20130613,29.4800,30.0000,29.1900,29.9700,7212228,0
20130614,29.8200,30.2300,29.6200,29.8100,7490605,0
20130617,29.9100,30.6400,29.9100,30.3400,11250623,0
20130618,30.3300,30.6100,30.2400,30.5000,5893941,0
20130619,30.4100,30.5700,29.5300,29.5300,8650999,0
20130620,29.2100,29.4400,28.2400,28.3400,15586229,0
20130621,28.6200,29.0100,28.2200,28.8450,18730809,0
20130624,28.5850,28.8600,28.4250,28.6400,9592215,0
20130625,28.8800,28.9700,28.5300,28.6200,8493331,0
20130626,28.8200,29.0400,28.6800,28.8500,8304227,0
20130627,29.0600,29.3300,28.8900,29.1500,7014767,0
20130628,28.8900,29.2000,28.5300,28.5300,11157841,0
20130701,28.7900,29.4500,28.7100,29.0450,8878187,0
20130702,28.8000,29.1650,28.6900,28.7800,6564751,0
20130703,28.5800,28.7900,28.5400,28.5800,4486671,0
20130705,28.9000,28.9900,28.5000,28.7800,6702000,0
20130708,28.9500,29.0500,28.6900,28.7500,9015125,0
20130709,29.0400,29.1700,28.7350,29.0400,7540926,0
20130710,29.0300,29.2200,28.9000,29.1500,7697627,0
20130711,29.6000,30.2000,29.4500,30.1650,8790918,0
20130712,30.1600,30.4150,30.0300,30.3600,8808476,0
20130715,30.4700,30.5000,30.0900,30.1800,7668139,0
20130716,30.1000,30.1800,29.7500,29.8650,7535710,0
20130717,30.1300,31.1800,29.8450,30.5000,19438350,0
20130718,30.5900,30.9100,30.3800,30.5800,13026606,0
20130719,30.5900,30.7100,30.1850,30.6900,9461961,0
20130722,30.6900,31.3700,30.4500,30.7000,8093483,0
20130723,30.7700,31.3200,30.6950,31.0800,12078489,0
20130724,31.0500,31.1000,30.6000,30.8000,8988113,0
20130725,30.5700,31.1900,30.5300,31.1400,6202860,0
20130726,30.8300,31.5950,30.8000,31.5800,9655135,0
20130729,31.4500,31.7000,31.2600,31.6100,7864689,0
20130730,31.8100,31.8600,30.9900,31.0500,11762208,0
20130731,31.0400,31.5000,31.0000,31.2700,8265146,0
20130801,31.5700,31.7800,31.3100,31.7100,6223299,0
20130802,31.6700,32.0000,31.4800,31.9430,6146851,0
20130805,31.7600,31.8600,31.4810,31.7700,5340025,0
20130806,31.5300,31.9200,31.5000,31.8600,6548403,0
20130807,31.9100,31.9100,31.1400,31.2600,10499852,0
20130808,31.9500,32.9100,31.5700,32.7000,18990353,0
20130809,32.5000,32.7000,31.9700,32.1600,6971400,0
20130812,31.9600,32.0900,31.5950,31.8800,8275799,0
20130813,32.0000,32.3200,31.8900,32.0800,6877879,0
20130814,31.9600,31.9900,31.5900,31.6000,7548600,0
20130815,31.2600,31.3400,30.9150,31.1700,13386611,0
20130816,31.0600,31.1750,30.7300,30.9600,10691542,0
20130819,30.9900,31.0250,30.6000,30.6600,8268531,0
20130820,30.7000,31.0300,30.5900,30.7500,6727289,0
20130821,30.7000,31.0100,30.4600,30.5200,9531170,0
20130822,30.5700,32.5600,30.4000,31.1000,8721065,0
20130823,31.2000,31.4550,30.9500,31.3100,7485072,0
20130826,31.2200,31.3000,30.6450,30.7150,7365846,0
20130827,30.5000,30.8100,30.4000,30.7000,6572866,0
20130828,30.6000,30.9000,30.1800,30.5500,7785202,0
20130829,30.3400,30.8700,30.1500,30.7000,7808049,0
20130830,30.6400,30.9800,30.5500,30.6700,6986951,0
20130903,31.1400,31.2400,30.5300,30.7900,8470625,0
20130904,30.6900,31.1900,30.6650,30.8800,10239415,0
20130905,30.8800,30.9500,30.7000,30.7400,6365284,0
20130906,30.9000,31.2150,30.4300,30.9400,7485247,0
20130909,30.9100,31.1500,30.7900,31.1100,6083920,0
20130910,31.3300,31.4600,30.6900,31.0400,7057211,0
20130911,31.2900,31.3400,30.7500,31.2900,7776658,0
20130912,31.3400,31.3750,31.0800,31.2700,8133412,0
20130913,31.3300,31.5700,31.2100,31.5500,6387382,0
20130916,31.7300,31.9600,31.6400,31.8600,9304771,0
20130917,31.7800,32.0950,31.6700,31.9800,6946784,0
20130918,31.9000,32.9300,31.8400,32.7300,9533959,0
20130919,32.7700,33.0800,32.5000,32.9400,10960910,0
20130920,32.9000,32.9000,32.2550,32.3000,13616298,0
20130923,31.7700,32.3400,31.7000,31.9450,9335393,0
20130924,31.9500,32.3500,31.9000,32.0550,6208163,0
20130925,30.0500,32.3500,30.0500,32.1000,9160559,0
20130926,32.0400,32.1200,31.8200,31.9700,4707062,0
20130927,31.7200,32.1100,31.6600,31.8000,6013825,0
20130930,31.4900,31.8000,30.8800,31.4210,8287483,0
20131001,31.3100,31.4100,30.6600,30.8500,13054343,0
20131002,30.7200,30.8500,30.0650,30.6500,12353693,0
20131003,30.5400,30.6900,30.3400,30.5400,7663554,0
20131004,30.4800,31.1300,30.4800,30.8600,7488994,0
20131007,30.4900,30.9100,30.3300,30.7600,5469552,0
20131008,30.7900,31.0550,30.6800,30.6900,7380243,0
20131009,30.8400,30.9900,30.5500,30.6100,6276577,0
20131010,30.9200,31.3500,30.7600,31.2000,6741758,0
20131011,31.1700,31.2200,30.6900,30.8510,11633290,0
20131014,30.7600,30.9100,30.4200,30.6800,13205512,0
20131015,30.7300,30.8400,30.4200,30.5600,7264781,0
20131016,30.8500,31.5000,30.7206,31.4350,9106015,0
20131017,31.3300,32.3450,31.1700,32.2900,9893844,0
20131018,32.2800,32.4900,32.0800,32.4450,9496927,0
20131021,32.3600,32.5000,32.2800,32.4900,6222141,0
20131022,32.5800,33.5800,32.4800,33.2610,10237705,0
20131023,33.1000,33.3500,33.0500,33.1090,9357063,0
20131024,33.0900,33.2800,32.8200,33.2500,6168289,0
20131025,33.3600,33.5000,33.0100,33.4800,5954365,0
20131028,33.3400,33.8900,33.3200,33.5700,8046782,0
20131029,33.7200,33.9300,33.5500,33.9000,6133136,0
20131030,34.0000,34.1000,33.6450,33.8350,8408170,0
20131031,33.7500,33.9700,33.2900,33.6500,11428294,0
20131101,33.7500,33.7900,33.4200,33.5900,7627869,0
20131104,33.6300,33.8700,33.3300,33.6100,7038296,0
20131105,33.4100,33.6600,33.2400,33.4400,5128134,0
20131106,33.1600,33.4950,32.9900,33.4400,8592382,0
20131107,33.2300,33.2300,31.7900,32.0900,20728472,0
20131108,32.0300,32.8200,31.7600,32.6800,13326705,0
20131111,32.7200,32.8900,32.2899,32.3650,11372416,0
20131112,32.3300,32.5100,32.0700,32.4300,6847249,0
20131113,33.2400,33.3300,32.6800,33.3100,12625367,0
20131114,33.4200,34.2500,33.3100,34.1600,12867604,0
20131115,33.9900,34.3000,33.8400,34.0500,11214968,0
20131118,33.9800,34.2100,33.8300,33.9600,7281419,0
20131119,33.6600,34.0650,33.5200,33.7200,5233522,0
20131120,33.7700,34.0100,33.4300,33.4900,6315770,0
20131121,33.5300,33.9500,33.3800,33.8500,5804491,0
20131122,33.6200,34.1600,33.5800,33.8900,7043949,0
20131125,34.0900,34.1400,33.5400,33.6100,6272565,0
20131126,33.6800,34.2000,33.6000,33.8900,7154806,0
20131127,33.8000,34.0400,33.5000,33.9800,5592688,0
20131129,33.7300,33.9750,33.1400,33.5300,4172076,0
20131202,33.6000,33.6600,33.2200,33.4400,5576886,0
20131203,34.0000,34.3900,33.6900,33.9000,10141252,0
20131204,33.5700,34.3100,33.4200,34.2700,8362180,0
20131205,34.0900,34.4450,33.8500,34.4000,8520127,0
20131206,34.8600,35.1300,34.6300,35.0900,9879982,0
20131209,35.0800,35.2000,34.6200,34.6900,10072911,0
20131210,34.6000,34.6700,34.0000,34.0600,9000529,0
20131211,34.1800,34.5000,34.0200,34.0800,7044618,0
20131212,33.8200,34.2250,33.6900,33.9800,11752286,0
20131213,34.2200,34.2300,33.7100,33.8500,6357447,0
20131216,33.8500,34.1300,33.7600,33.9800,5493302,0
20131217,33.7700,34.1300,33.7100,33.9600,7616459,0
20131218,33.9600,34.6700,33.5000,34.6400,9468078,0
20131219,34.5900,34.6300,33.9500,34.4300,10326685,0
20131220,34.3600,34.9400,34.1600,34.6700,15781541,0
20131223,34.6800,34.8700,34.5200,34.7000,5373534,0
20131224,34.6100,34.8350,34.5800,34.7200,2045876,0
20131226,34.7100,34.9800,34.6400,34.9100,4218409,0
20131227,34.9300,34.9500,34.7500,34.9100,3369897,0
20131230,34.5300,35.1500,34.5300,35.1300,3975067,0
20131231,35.2100,35.4300,34.9500,35.3000,5118211,0
20140102,35.0300,35.1980,34.7500,34.8100,6095794,0
20140103,34.7800,35.0100,34.6300,34.7500,5226648,0
20140106,34.8500,34.9400,34.3800,34.5300,6593188,0
20140107,34.5200,34.9300,34.5000,34.8100,6754615,0
20140108,34.7000,34.8600,34.5900,34.8200,9000365,0
20140109,34.5800,35.4000,34.5500,35.3600,10556628,0
20140110,35.4900,35.8400,35.2075,35.8000,12502285,0
20140113,35.5800,35.7900,35.1050,35.2000,11584525,0
20140114,34.2400,35.6300,34.2300,35.4000,8810669,0
20140115,35.3900,35.9400,35.2000,35.7000,12155433,0
20140116,35.6700,36.0483,35.3100,35.7000,13970325,0
20140117,35.4800,35.6800,34.9900,35.2500,17021303,0
20140121,34.9000,34.9020,33.9600,34.4500,27442622,0
20140122,34.5800,34.8700,34.4000,34.4500,10680312,0
20140123,34.3100,34.6700,34.1300,34.4500,9508947,0
20140124,34.4700,34.4800,33.6200,33.6500,22518709,0
20140127,33.6400,33.8600,33.4000,33.6100,8555012,0
20140128,33.5600,33.9800,33.5400,33.7300,7369860,0
20140129,33.3200,33.5000,32.9000,32.9900,14287232,0
20140130,32.9900,33.2700,32.9100,32.9300,8073084,0
20140131,32.3100,33.0500,32.2800,32.7600,10632376,0
20140203,32.8000,32.8000,32.0200,32.0800,12889618,0
20140204,32.2600,32.2900,31.8700,32.0100,9112999,0
20140205,31.8400,32.2850,31.8400,32.0900,8009472,0
20140206,32.2000,32.8000,32.1400,32.7000,7047363,0
20140207,32.9300,33.0600,32.6900,32.9300,7154097,0
20140210,32.7900,33.1400,32.7500,33.1200,4479123,0
20140211,32.9900,33.4050,32.8970,33.2800,6507261,0
20140212,33.4700,33.4700,33.0500,33.2100,7465536,0
20140213,32.8700,34.0400,32.7800,34.0100,11166908,0
20140214,33.8300,34.2800,33.7700,34.1200,8943461,0
20140218,34.2500,34.3050,33.9400,34.1900,9314408,0
20140219,34.0200,34.3500,33.9800,34.2600,8532953,0
20140220,34.2100,34.7750,34.1900,34.4800,7943327,0
20140221,34.9500,34.9500,34.3000,34.3000,8049789,0
20140224,34.2600,34.6700,34.2300,34.4000,7022944,0
20140225,34.4200,34.5000,33.9500,33.9500,12307319,0
20140226,33.9600,34.2200,33.8100,33.9200,6715446,0
20140227,33.7600,33.9390,33.6700,33.8500,9400492,0
20140228,33.3400,34.2450,33.2400,34.0300,11609876,0
20140303,33.7000,33.8800,33.5750,33.8000,7571104,0
20140304,34.0000,34.3800,33.9200,34.3100,6404055,0
20140305,33.8800,34.4900,33.8300,34.3300,8727500,0
20140306,34.4600,34.9400,34.1100,34.8800,11946570,0
20140307,34.9700,35.0900,34.6000,35.0800,10176149,0
20140310,35.1600,35.2000,34.8500,35.0800,8502233,0
20140311,35.0300,35.2800,34.9050,34.9700,7352664,0
20140312,34.6700,34.9300,34.4600,34.9000,11816864,0
20140313,35.0000,35.1200,34.3720,34.5300,10325754,0
20140314,34.2700,34.7800,34.2200,34.2500,12232099,0
20140317,34.4900,34.5200,34.0700,34.2500,11094075,0
20140318,34.2000,34.5300,34.0700,34.4001,6005651,0
20140319,34.5800,34.5899,33.8100,34.1500,10077315,0
20140320,34.1300,34.3900,33.9700,34.2600,6984910,0
20140321,34.7200,34.7200,34.0350,34.1300,20245839,0
20140324,33.4300,34.1800,33.4300,33.8400,10006484,0
20140325,34.0500,34.4600,33.9510,34.2900,7118066,0
20140326,34.4400,34.6000,34.1650,34.1700,8424895,0
20140327,33.9900,34.3800,33.9400,34.2100,7818559,0
20140328,34.3500,34.5600,34.2700,34.4000,4558412,0
20140331,34.5200,34.8900,34.4400,34.5500,7903834,0
20140401,34.7300,34.8500,34.4000,34.8200,6155477,0
20140402,34.7600,35.1400,34.7300,34.9200,6048046,0
20140403,34.9200,35.0162,34.6500,34.7700,6988712,0
20140404,35.0200,35.2000,34.4400,34.5400,9674925,0
20140407,34.4500,34.5900,34.1300,34.2250,10389205,0
20140408,34.1900,34.8544,34.1700,34.6000,9943226,0
20140409,34.5100,35.0100,34.5100,34.9500,7870779,0
20140410,34.9800,35.3400,34.6400,34.7100,8838621,0
20140411,34.5600,34.7100,34.2000,34.3100,10514976,0
20140414,34.6800,34.7500,34.1800,34.4500,8309693,0
20140415,34.6100,34.6100,34.0250,34.2600,9356492,0
20140416,34.6000,34.8000,34.3100,34.7700,10407108,0
20140417,34.6800,34.8900,34.4900,34.6500,7246410,0
20140421,34.6800,34.8500,34.6100,34.7800,3082443,0
20140422,34.6800,35.4100,34.6700,35.0300,10670711,0
20140423,34.9400,35.2500,34.9300,35.1100,4793728,0
20140424,35.1400,35.4700,35.0700,35.3000,5032683,0
20140425,35.1600,35.5000,35.0600,35.3400,6132934,0
20140428,35.4700,36.0100,35.4000,35.9400,12008793,0
20140429,36.1200,36.1200,35.4600,35.6050,8330115,0
20140430,35.4100,35.7056,35.3400,35.6500,6263324,0
20140501,35.7800,35.7900,35.3400,35.6300,4873006,0
20140502,35.9500,35.9500,35.3550,35.4800,5900411,0
20140505,35.2900,35.6800,35.2700,35.6100,5638702,0
20140506,35.2800,35.6500,35.1800,35.2200,5872488,0
20140507,37.5500,38.4700,37.5000,38.1000,23820962,0
20140508,37.7500,38.1200,37.6050,37.7900,13884728,0
20140509,37.6100,37.9700,37.5200,37.9600,8283748,0
20140512,38.0000,38.0050,37.4600,37.5900,9120189,0
20140513,37.8700,37.9800,37.6600,37.8500,6820062,0
20140514,37.6900,37.9800,37.5500,37.6000,5487510,0
20140515,37.5100,37.5999,37.1100,37.2400,6949896,0
20140516,37.2800,37.5800,37.0800,37.5100,7023443,0
20140519,37.3800,37.6000,37.3200,37.3800,4294002,0
20140520,37.4100,37.4800,37.1875,37.4200,4600217,0
20140521,37.4100,37.9800,37.4000,37.6300,4523711,0
20140522,37.6100,37.6100,37.2800,37.2900,5121404,0
20140523,37.5000,37.5100,37.1900,37.2400,4229251,0
20140527,37.2600,37.5000,37.2500,37.4300,7130097,0
20140528,37.4100,37.5000,37.2600,37.4000,7325194,0
20140529,37.4800,37.4900,37.3300,37.4800,6296790,0
20140530,37.6200,37.6700,37.3200,37.6200,9753647,0
20140602,37.5400,37.9250,37.4400,37.7700,5561224,0
20140603,37.8600,37.9300,37.5400,37.9200,4738793,0
20140604,37.8000,38.1700,37.7050,38.1600,5417910,0
20140605,38.4100,38.4100,37.9200,38.2300,6998302,0
20140606,38.4000,38.4000,38.1400,38.2300,4242928,0
20140609,38.0900,38.2550,37.9700,38.0700,3903455,0
20140610,37.9100,38.0000,37.6300,37.7500,4233663,0
20140611,37.7050,37.8100,37.4700,37.6000,4264699,0
20140612,37.6000,37.6400,37.1350,37.3100,5383709,0
20140613,37.4600,37.5600,37.3000,37.4500,4531911,0
20140616,37.3900,37.4700,37.1500,37.2500,6349901,0
20140617,37.1100,37.4400,37.0000,37.3700,7740567,0
20140618,37.2300,37.6300,37.1500,37.5600,7642012,0
20140619,37.8000,37.8100,37.3700,37.5000,6548563,0
20140620,37.6300,37.7300,37.3600,37.4900,9870439,0
20140623,37.3800,37.4900,37.0700,37.2300,5580700,0
20140624,37.1900,37.4300,37.0650,37.1400,5659235,0
20140625,37.1300,37.1700,36.9600,37.1100,8022683,0
20140626,37.3900,37.7700,37.1500,37.6300,10198896,0
20140627,37.4300,37.5800,37.1400,37.3000,8455064,0
20140630,37.1700,37.8100,37.0300,37.6100,6880655,0
20140701,37.8100,38.0700,37.5460,37.8700,5405000,0
20140702,37.8900,37.9400,37.5900,37.9100,4491757,0
20140703,38.2000,38.2900,37.7400,37.9700,2924816,0
20140707,37.9700,37.9900,37.7650,37.9500,3709538,0
20140708,37.8100,38.3900,37.8100,38.0800,6369166,0
20140709,38.1500,38.4500,37.9800,38.0100,7269133,0
20140710,37.7800,38.0500,37.6900,37.9900,4147605,0
20140711,37.7600,39.5400,37.7600,38.4200,12666060,0
20140714,38.6500,38.7500,38.3440,38.5600,6772511,0
20140715,38.4400,38.6100,38.0800,38.1000,6973889,0
20140716,38.1200,38.3100,38.0000,38.1400,5482806,0
20140717,37.9000,38.1650,37.8400,37.9900,6087698,0
20140718,38.1000,38.5000,37.9600,38.4800,5754646,0
20140721,38.0200,38.4800,38.0200,38.2700,4860397,0
20140722,38.3200,38.6300,38.3200,38.5100,5114474,0
20140723,38.5400,38.6100,38.2650,38.2900,4121348,0
20140724,38.3400,38.4700,38.2000,38.3100,4208616,0
20140725,38.2900,38.3100,38.0400,38.1800,3028139,0
20140728,38.3200,38.3290,37.9950,38.2200,4634695,0
20140729,38.3000,38.3900,37.9800,38.0100,4008241,0
20140730,38.1700,38.1800,36.9550,36.9700,8926955,0
20140731,36.6200,36.7900,35.9800,36.0199,8221473,0
20140801,36.2300,36.4300,35.9200,36.3300,6016955,0
20140804,36.2200,36.5100,36.1300,36.4500,6388748,0
20140805,36.2100,36.4300,35.7900,35.9600,15261488,0
20140806,35.2900,36.7597,35.1154,35.6550,12287900,0
20140807,36.5600,36.5600,34.9200,35.0700,8313779,0
20140808,35.1400,35.5200,35.1000,35.4800,4796547,0
20140811,35.5400,35.8950,35.4800,35.7600,6310176,0
20140812,35.6500,35.7873,35.5700,35.6700,5080437,0
20140813,35.6800,35.9200,35.6800,35.8000,4632473,0
20140814,35.7900,35.9000,35.6400,35.7000,4441885,0
20140815,36.0000,36.0000,35.5900,35.7800,7440955,0
20140818,36.0800,36.0800,35.8600,36.0400,5907358,0
20140819,36.0200,36.3450,35.8100,36.1700,4804185,0
20140820,36.2500,36.2900,36.0600,36.2000,3590921,0
20140821,36.2400,36.3500,36.1300,36.1600,2775172,0
20140822,36.0600,36.1900,35.8050,35.8500,3445807,0
20140825,36.1600,36.2200,36.0000,36.1500,3217699,0
20140826,36.1400,36.2600,35.9300,36.0700,2524553,0
20140827,36.1000,36.2400,36.0000,36.2400,3447453,0
20140828,36.1800,36.4350,36.0600,36.2900,3429679,0
20140829,36.3200,36.3500,36.0700,36.1900,4234822,0
20140902,36.2900,36.3500,35.5450,35.7400,7370243,0
20140903,35.9600,35.9900,35.7300,35.8200,5201665,0
20140904,35.8700,36.0150,35.3950,35.5000,6173936,0
20140905,35.7000,35.7399,35.2200,35.6900,7047695,0
20140908,35.5000,35.6900,35.2700,35.3200,5105591,0
20140909,35.2200,35.7000,35.1500,35.5300,6134000,0
20140910,35.6700,35.6800,35.3600,35.5950,3567641,0
20140911,35.2000,35.7600,35.1700,35.7500,4433468,0
20140912,35.5900,35.6800,35.2500,35.3200,5170782,0
20140915,35.2900,35.5300,35.2100,35.4300,3920322,0
20140916,35.3500,35.6900,35.2800,35.5400,7054340,0
20140917,35.7300,35.7300,35.3300,35.4200,5551802,0
20140918,35.4600,35.8300,35.3200,35.8100,5148613,0
20140919,36.0000,36.0095,35.6200,35.6700,7634328,0
20140922,35.5300,35.6100,34.8600,35.0300,7204123,0
20140923,34.9900,35.0300,34.5900,34.6300,5147393,0
20140924,34.5600,35.2700,34.5104,35.2650,8006140,0
20140925,35.1900,35.2600,34.6899,34.7400,9952209,0
20140926,34.4700,34.6790,34.1250,34.4500,8302700,0
20140929,34.2700,34.3900,34.0900,34.2000,7300944,0
20140930,34.2000,34.3400,33.9300,34.2650,10656406,0
20141001,34.1100,34.2700,33.5200,33.7500,10097823,0
20141002,33.6700,34.1700,33.3800,33.8400,11044085,0
20141003,34.7800,34.9095,33.9200,34.2500,10545000,0
20141006,34.4500,34.4900,34.0400,34.4200,5374363,0
20141007,34.1800,34.3400,33.9100,33.9200,7310991,0
20141008,33.8500,34.4000,33.6500,34.3900,8753194,0
20141009,34.2900,34.4500,33.6500,33.6500,8525838,0
20141010,33.7500,33.9950,33.4900,33.4900,9162192,0
20141013,33.4000,33.6300,32.9800,32.9800,7997209,0
20141014,33.2300,33.3500,32.7600,32.8000,7225020,0
20141015,32.5600,32.9300,31.8300,32.6700,12319876,0
20141016,32.1700,32.4250,31.8950,32.1000,11254556,0
20141017,32.0400,32.8300,31.9600,32.6200,8913852,0
20141020,32.4600,32.9800,32.3170,32.9400,6554021,0
20141021,32.9900,33.2400,32.8500,33.2300,5872254,0
20141022,33.6400,34.1600,33.5000,33.8900,9649006,0
20141023,34.1600,34.3200,33.9900,34.1100,7735558,0
20141024,34.2100,34.4100,33.9400,34.3700,5853683,0
20141027,34.2600,34.7950,34.2600,34.7300,6231343,0
20141028,34.9000,35.3000,34.7300,35.2900,6557138,0
20141029,35.3400,35.4900,34.5750,34.9300,8140164,0
20141030,34.7600,35.2600,34.7020,35.1550,6126733,0
20141031,35.9500,35.9500,35.0600,35.2600,8849907,0
20141103,35.2100,35.4600,35.1200,35.4100,7567737,0
20141104,35.5000,35.5300,34.9500,35.0300,7837247,0
20141105,36.2500,37.4450,36.1800,37.1500,16699970,0
20141106,37.5000,38.0700,37.2600,37.8400,11203415,0
20141107,37.8400,37.9700,37.4401,37.7600,8269115,0
20141110,37.7200,37.9150,37.4300,37.9000,8147143,0
20141111,37.9400,38.1400,37.7200,37.7700,4411126,0
20141112,37.7000,37.9900,37.4700,37.9200,5138576,0
20141113,38.1400,38.3300,37.8000,38.2300,6411285,0
20141114,38.2600,38.4400,38.0200,38.1600,6091624,0
20141117,38.1600,38.3900,37.9900,38.3700,4685062,0
20141118,38.1500,38.8650,38.1000,38.6950,7822269,0
20141119,38.7600,39.2450,38.6000,39.1000,7243219,0
20141120,38.8000,39.0200,38.6501,38.9300,5821149,0
20141121,39.4100,39.4100,38.9200,39.0000,8169777,0
20141124,39.1800,39.2300,38.7600,38.9900,5753951,0
20141125,38.9700,39.0500,38.6800,38.7600,7178666,0
20141126,38.7400,39.0500,38.7400,39.0000,4514969,0
20141128,39.4200,39.4200,39.0300,39.2000,5231315,0
20141201,39.2000,39.2700,38.8400,38.9800,7317264,0
20141202,38.6900,39.0550,38.6900,38.8900,6192758,0
20141203,38.8200,38.9700,38.1500,38.6700,9013670,0
20141204,38.5200,38.6600,38.3100,38.4100,6685389,0
20141205,38.5400,38.6000,38.2400,38.5000,6647630,0
20141208,38.4000,38.5900,38.1600,38.2400,7050097,0
20141209,38.0600,38.6900,37.8900,38.5600,5998205,0
20141210,38.4300,38.6400,38.0550,38.1100,5438190,0
20141211,38.5400,38.5400,38.0600,38.1300,4934393,0
20141212,37.7100,38.0000,37.2300,37.2300,6561102,0
20141215,37.4400,37.4400,36.5650,36.6700,7508196,0
20141216,36.5600,36.9400,35.9900,36.0200,10520768,0
20141217,36.0700,36.1700,35.6850,36.0000,10674981,0
20141218,36.4200,36.7400,36.1700,36.5800,14390918,0
20141219,36.5200,37.5800,36.4800,37.3000,13316201,0
20141222,37.3900,37.6800,37.1900,37.5000,6972155,0
20141223,37.5800,37.7900,37.3800,37.5800,6138169,0
20141224,37.7300,37.8100,37.4900,37.6300,1726910,0
20141226,37.6400,37.8500,37.5700,37.7600,3236516,0
20141229,37.4900,37.5650,37.1400,37.3400,4300837,0
20141230,37.2200,37.3700,36.9950,37.0200,3273916,0
20141231,37.0300,37.1400,36.3100,36.3250,4539590,0
20150102,36.4300,36.9400,36.2700,36.7900,7236773,0
20150105,36.7100,36.7682,36.1230,36.2400,7651795,0
20150106,36.3700,36.6500,35.7900,35.9900,7147687,0
20150107,36.1900,37.2000,35.9700,37.1200,9778374,0
20150108,37.0900,37.8750,37.0900,37.5900,7485512,0
20150109,37.3100,37.7400,37.0600,37.2200,5299700,0
20150112,36.9700,37.2410,36.6950,36.8700,7496577,0
20150113,37.0500,37.3850,36.3400,36.6250,7294492,0
20150114,36.1900,36.6500,36.0700,36.5450,6494576,0
20150115,36.7800,36.9900,36.3700,36.5400,9610559,0
20150116,36.5100,36.9600,36.2700,36.9400,7533433,0
20150120,37.3000,37.4500,36.7000,37.0200,5876280,0
20150121,36.8700,37.1900,36.6900,37.1500,8362078,0
20150122,37.4400,37.6000,36.9500,37.5900,5637535,0
20150123,37.6100,37.6100,36.9200,36.9400,6604254,0
20150126,36.8000,36.9800,36.3700,36.5800,6955766,0
20150127,36.1900,36.2980,35.9800,36.0800,7908031,0
20150128,36.0800,36.4700,35.6600,35.6650,7539970,0
20150129,35.4600,35.8000,35.1600,35.7400,12357912,0
20150130,35.4600,35.7665,35.2100,35.2400,11044644,0
20150202,35.2400,35.7800,34.8900,35.7600,6907496,0
20150203,35.8300,36.1500,35.7500,36.0600,4989231,0
20150204,35.9100,36.4200,35.9100,36.0150,6853308,0
20150205,36.0100,36.2700,35.9200,36.2550,6735796,0
20150206,36.2600,36.2800,35.8100,35.9100,7178007,0
20150209,35.4200,36.1600,35.4200,35.7100,7164995,0
20150210,35.5300,36.0100,35.5100,35.8100,10126240,0
20150211,36.4200,37.4500,36.2500,36.7400,17089556,0
20150212,36.9800,37.2300,36.4900,36.9800,9824333,0
20150213,37.1400,37.1600,36.5600,36.7800,6997465,0
20150217,36.8000,37.1600,36.6100,37.1500,11093095,0
20150218,36.9600,37.2500,36.8400,36.9400,16687176,0
20150219,36.9500,37.1400,36.7150,36.9950,7062905,0
20150220,37.0400,37.0700,36.7100,36.9700,8518025,0
20150223,36.7500,37.1000,36.7500,36.9950,6361791,0
20150224,36.9900,37.1100,36.8500,37.0050,11635728,0
20150225,36.9100,37.1000,36.6600,36.6600,7740338,0
20150226,36.7300,36.9200,36.5600,36.7200,8476105,0
20150227,36.8900,37.0100,36.6500,36.9350,15620281,0
20150302,36.9400,37.0100,36.7900,36.8900,6403316,0
20150303,36.8000,36.8800,36.6000,36.6400,5664229,0
20150304,36.5000,36.5500,36.2800,36.4400,6952674,0
20150305,36.5800,36.5900,36.3800,36.5100,6111119,0
20150306,36.3200,36.3800,35.0100,35.2200,12884700,0
20150309,35.2300,35.6400,35.2200,35.4200,7646170,0
20150310,35.0600,35.3700,34.4900,34.5000,11742186,0
20150311,34.3600,34.5700,34.2000,34.3400,10947475,0
20150312,34.5500,35.1600,34.4900,35.0000,9190666,0
20150313,34.7800,35.0500,34.2700,34.5100,9227045,0
20150316,34.7300,34.9550,34.5300,34.7100,11446429,0
20150317,34.5000,34.6400,34.2800,34.3600,8258068,0
20150318,34.3900,35.1550,33.9700,35.0200,11229702,0
20150319,34.9900,35.0700,34.5600,34.6600,7404937,0
20150320,34.8700,35.2700,34.7200,34.7400,16702610,0
20150323,34.8500,35.6000,34.6300,35.2950,9806528,0
20150324,35.4700,35.6300,34.9500,35.0100,7950421,0
20150325,35.6000,36.4650,35.5000,35.8050,22840317,0
20150326,35.8700,36.0300,34.9350,35.0800,18037642,0
20150327,35.0600,35.6900,34.7600,35.5500,15274587,0
20150330,35.8500,36.5500,35.7100,36.5000,13696718,0
20150331,36.4000,36.4900,36.0350,36.0900,9480016,0
20150401,36.2200,36.3100,35.9300,36.2950,10702414,0
20150402,36.3000,36.6700,36.1000,36.6300,9650390,0
20150406,36.3900,37.1300,36.3650,37.0000,6881660,0
20150407,36.8800,37.1500,36.8200,37.0000,6404493,0
20150408,37.0500,37.4300,36.9501,37.3900,10355193,0
20150409,37.2700,37.4250,37.1300,37.3750,7780801,0
20150410,37.4200,37.6400,37.1700,37.4000,6659791,0
20150413,37.3800,37.4200,37.2250,37.2500,8383225,0
20150414,37.1000,37.5500,37.0500,37.4700,6573714,0
20150415,37.4500,37.7400,37.3500,37.5500,6387707,0
20150416,37.4100,37.5050,37.2700,37.3100,6083422,0
20150417,36.9500,37.0500,36.6800,36.9650,7582181,0
20150420,37.0500,37.1500,36.9200,36.9900,7971943,0
20150421,37.1000,37.1400,36.4200,36.5250,19052924,0
20150422,36.6300,36.8800,36.4400,36.8300,5705644,0
20150423,36.7500,36.9100,36.6200,36.8100,19828711,0
20150424,36.4300,36.8600,36.4300,36.8200,4751259,0
20150427,36.8100,37.0200,36.6400,36.7950,8346785,0
20150428,36.6700,36.8200,36.4800,36.8000,7922686,0
20150429,37.8900,38.8500,37.7500,38.7000,24357234,0
20150430,38.8000,39.0800,38.3200,38.3700,14682663,0
20150501,38.5300,38.6800,38.4100,38.6500,6778528,0
20150504,38.5000,38.7900,38.4800,38.6200,5511374,0
20150505,38.5500,38.6800,38.1600,38.3200,8329907,0
20150506,38.4200,38.4600,38.0800,38.4500,9883723,0
20150507,38.4200,39.1200,38.2100,38.9800,11423384,0
20150508,39.3000,39.5800,39.2200,39.4400,9590339,0
20150511,39.3300,39.6300,39.3100,39.3300,6777833,0
20150512,39.1100,39.4200,38.9100,39.3100,6115457,0
20150513,39.3600,39.5850,39.0200,39.3100,9273055,0
20150514,39.5400,40.1350,39.5200,40.0500,11866111,0
20150515,40.1800,40.5100,39.9400,40.4500,9529866,0
20150518,40.1200,40.3100,39.9400,40.0000,6284596,0
20150519,40.0000,40.3000,39.8600,40.2500,7471344,0
20150520,40.3400,40.8300,40.1000,40.6600,9711991,0
20150521,40.6500,40.7100,40.2100,40.3100,7910914,0
20150522,40.2200,40.3600,40.1400,40.1700,5773304,0
20150526,40.1500,40.1700,39.7300,39.9400,6759571,0
20150527,39.9700,40.2000,39.8900,40.1400,5478535,0
20150528,40.1300,40.6600,39.9550,40.4700,8237066,0
20150529,40.5500,41.6000,40.4700,41.5900,24186616,0
20150601,41.6000,41.8100,40.4200,40.6900,12708108,0
20150602,40.4500,40.8200,40.0100,40.8000,8665730,0
20150603,41.0200,41.1150,40.7500,41.0300,10385927,0
20150604,40.7900,40.9200,40.3600,40.4200,6794298,0
20150605,40.3500,40.4200,39.7850,40.0200,10046400,0
20150608,40.0700,40.2100,39.9400,40.0500,5828441,0
20150609,40.0800,40.3100,39.9800,40.2200,5347141,0
20150610,40.3200,40.6300,40.2560,40.3700,5434691,0
20150611,40.3600,40.6200,40.2800,40.3600,3992825,0
20150612,40.7900,40.7900,40.1800,40.4700,7893876,0
20150615,40.1500,40.4300,39.9900,40.1100,6539552,0
20150616,40.2000,40.7900,40.0400,40.7450,5732906,0
20150617,40.6800,40.9000,40.4000,40.7900,5513112,0
20150618,40.9300,41.0600,40.8200,40.8500,10289603,0
20150619,40.8700,41.4400,40.8700,41.0400,10433668,0
20150622,41.1700,41.4500,41.0000,41.0500,4822269,0
20150623,41.0000,41.2400,40.8800,41.0950,3216997,0
20150624,41.1800,41.2900,40.9800,41.0800,5672353,0
20150625,41.1900,41.4700,41.0300,41.0800,6168335,0
20150626,41.0100,41.3500,40.9900,41.1100,6985403,0
20150629,40.8500,41.0500,40.7000,40.8400,9020564,0
20150630,41.3000,41.3400,40.9000,41.1400,11306034,0
20150701,41.2000,41.6400,41.2000,41.6100,5666517,0
20150702,41.7300,41.8400,41.2600,41.5500,5350078,0
20150706,41.2000,41.4799,40.9800,41.2600,8222052,0
20150707,41.4800,41.8900,40.9900,41.7800,5871586,0
20150708,41.6800,41.7500,41.3100,41.4100,5611720,0
20150709,41.7300,41.8500,41.2400,41.2500,5032362,0
20150710,41.5100,41.6900,41.3400,41.4100,4585568,0
20150713,41.7100,41.7300,41.5500,41.6000,5451209,0
20150714,41.6900,41.9900,41.4800,41.8800,7121372,0
20150715,41.8500,41.9000,41.1800,41.3400,8909707,0
20150716,41.6000,42.0000,41.4700,41.9700,4727550,0
20150717,41.9600,41.9600,41.4200,41.8900,4270561,0
20150720,41.6500,41.8700,41.5900,41.8100,3685976,0
20150721,41.8500,42.2400,41.7900,42.0700,5522171,0
20150722,42.4000,43.0000,42.1200,42.2500,6225356,0
20150723,42.0200,42.4000,42.0000,42.1200,5021788,0
20150724,42.1300,42.2300,41.8250,42.0300,4987576,0
20150727,41.8700,42.0900,41.2700,42.0300,7623298,0
20150728,42.3300,42.8725,42.0600,42.8000,8211170,0
20150729,42.6300,43.2900,42.6100,43.1000,11634354,0
20150730,44.2100,45.3100,44.0500,45.2700,16794675,0
20150731,45.0200,45.2100,44.6600,45.1300,10115256,0
20150803,45.2800,45.5100,45.0000,45.4900,6828289,0
20150804,45.3900,45.7200,45.2600,45.6000,6836829,0
20150805,45.7650,46.5900,45.7650,46.2900,10509452,0
20150806,48.5500,48.5800,46.1100,46.8100,21549831,0
20150807,46.8100,46.9245,45.8200,46.1100,14182116,0
20150810,45.6800,46.4500,45.6000,46.4100,8900680,0
20150811,46.2100,46.2100,45.7000,46.1000,9228527,0
20150812,45.5400,46.5700,45.3500,46.5300,9349734,0
20150813,46.6300,46.8200,46.0100,46.0100,14287695,0
20150814,46.1300,46.5400,45.9500,46.4850,9058283,0
20150817,46.3500,46.5000,46.1200,46.2000,8871305,0
20150818,46.1600,46.4400,45.9500,46.1500,9962967,0
20150819,45.9200,46.0000,45.1300,45.2100,11945377,0
20150820,44.9500,45.1400,43.9200,44.0000,16203783,0
20150821,43.6000,44.0700,43.1800,43.2000,17337804,0
20150824,41.1200,42.7900,38.9100,41.9600,26298983,0
20150825,42.5400,43.1100,41.2800,41.3100,28876115,0
20150826,42.1500,42.3300,41.0550,42.2000,16754076,0
20150827,42.4300,42.9400,41.9200,42.7600,14238687,0
20150828,42.4400,43.1300,42.3891,42.8000,8556974,0
20150831,42.6800,42.7800,42.2400,42.3600,8786381,0
20150901,41.6900,42.0000,40.7300,41.0100,11380644,0
20150902,41.4400,42.3000,41.3100,42.2700,12451815,0
20150903,42.5400,43.9100,42.4900,43.2400,14002733,0
20150904,42.6400,43.0300,42.3000,42.5700,10333918,0
20150908,43.2900,43.3100,42.3600,42.9300,9231631,0
20150909,43.4600,43.4600,41.8100,41.9900,7411089,0
20150910,41.7800,42.7300,41.7600,42.3800,11693793,0
20150911,42.5800,42.7100,42.1800,42.6800,8007277,0
20150914,42.7200,42.7500,42.0800,42.2800,5835054,0
20150915,42.4900,43.0500,42.1600,42.9900,9856762,0
20150916,43.1000,43.3800,42.9550,43.0400,9606574,0
20150917,43.2500,44.2900,43.1800,43.7200,11602667,0
20150918,43.2500,43.7310,42.7700,42.8500,13041188,0
20150921,42.9800,43.1000,42.7300,42.8500,5833423,0
20150922,42.3500,42.4300,41.7000,41.9900,7562372,0
20150923,42.0600,42.3800,41.8700,42.2800,7350314,0
20150924,42.0600,42.3000,41.5200,42.1300,11500265,0
20150925,42.5100,43.2200,42.4450,42.8000,9148475,0
20150928,42.4000,42.9800,41.4400,41.4700,13841663,0
20150929,41.5200,41.5200,40.2900,40.8100,15743683,0
20150930,41.2400,42.0000,41.1600,41.8700,12402442,0
20151001,42.2700,42.5300,41.6900,42.2100,9613539,0
20151002,41.8600,43.5700,41.5500,43.5600,10250866,0
20151005,43.8700,44.4600,43.6300,44.2900,10136430,0
20151006,44.3000,44.4100,43.8300,43.9000,6581788,0
20151007,44.1100,44.4300,43.8000,44.3300,7269190,0
20151008,44.3600,45.3200,44.0800,45.3050,6444055,0
20151009,45.2000,45.3150,44.7700,45.0000,5796247,0
20151012,44.7800,45.2156,44.7500,45.0500,4321302,0
20151013,44.9000,45.2700,44.6900,44.8400,5772886,0
20151014,44.4800,44.9800,44.4800,44.7400,4207017,0
20151015,44.9400,44.9900,44.1200,44.9800,8157578,0
20151016,45.1100,45.8600,45.0700,45.8500,8685473,0
20151019,45.8000,46.4600,45.5000,46.4200,7615092,0
20151020,46.5500,46.6500,45.6700,45.7400,7003514,0
20151021,45.8800,46.0200,45.0500,45.4500,9412625,0
20151022,45.5900,47.4200,45.5900,46.9400,10273539,0
20151023,46.8800,47.0000,46.4000,46.5300,6925749,0
20151026,46.5300,46.9900,46.3200,46.8000,5969028,0
20151027,46.8100,46.9700,46.4500,46.6000,8505448,0
20151028,46.1600,47.0000,45.4200,46.4000,7915942,0
20151029,46.3200,46.4400,45.4700,46.2800,5457387,0
20151030,46.2800,46.6200,46.0200,46.1600,5768841,0
20151102,46.3600,46.6300,45.0801,46.4400,6653143,0
20151103,46.3100,46.5000,45.8800,46.4000,5982423,0
20151104,46.7300,46.7700,45.7300,45.8800,5513187,0
20151105,45.8600,45.9300,45.3850,45.8800,5024812,0
20151106,45.6400,45.7300,44.4100,44.8800,6508002,0
20151109,44.6900,44.7800,43.8900,44.3900,8714963,0
20151110,44.3500,44.7750,44.3000,44.5900,6202061,0
20151111,44.8400,44.9600,44.4400,44.4700,5045690,0
20151112,44.3000,44.4400,43.6000,43.6400,6177559,0
20151113,43.5000,43.8800,43.1200,43.2700,6602404,0
20151116,43.5100,44.0800,43.4200,44.0600,5556506,0
20151117,44.0800,44.3300,43.6900,43.8200,5619038,0
20151118,43.9600,44.5400,43.7900,44.4800,5611568,0
20151119,44.5900,44.8100,44.4300,44.5800,4776796,0
20151120,44.9300,44.9950,43.7500,43.9500,8234219,0
20151123,44.1800,44.2650,43.7500,44.0800,9296087,0
20151124,43.7900,44.1600,43.7500,43.9800,4046937,0
20151125,43.9500,44.1500,43.8500,43.9300,4723535,0
20151127,44.0700,44.5650,43.7900,44.4200,3044190,0
20151130,44.4200,44.5764,43.6200,43.6600,7426012,0
20151201,44.0800,44.5400,43.7600,44.3200,9650422,0
20151202,44.3400,44.3500,43.7550,43.8600,4879304,0
20151203,43.9100,44.1300,42.4100,42.6100,10435635,0
20151204,42.8300,44.5400,42.8200,44.5000,10475634,0
20151207,44.4300,44.5000,43.7300,44.0300,7057633,0
20151208,43.4900,44.2050,43.1450,44.0000,6209441,0
20151209,43.7600,44.2500,43.3601,43.6500,6490612,0
20151210,43.5800,44.3400,43.5200,43.9800,8010521,0
20151211,43.1600,43.5700,42.5700,42.7300,7831270,0
20151214,43.0700,43.3900,42.6300,43.3200,8859751,0
20151215,44.2400,44.5100,43.7500,44.0200,7374088,0
20151216,43.9800,44.9400,43.9700,44.8450,8670930,0
20151217,44.8500,44.9000,44.2200,44.3600,6404421,0
20151218,43.9300,44.2600,42.9500,43.3000,15440297,0
20151221,43.6500,44.5150,43.3600,44.4400,7580638,0
20151222,44.4800,44.8100,44.0000,44.7100,4944693,0
20151223,44.9400,45.6200,44.8100,45.5800,6092639,0
20151224,45.5700,45.6700,45.3400,45.3500,2084994,0
20151228,45.2400,45.4801,44.9600,45.0700,3193222,0
20151229,45.1500,45.8100,44.9016,45.7500,5497395,0
20151230,45.7400,45.9450,45.4200,45.5100,5189646,0
20151231,45.2100,45.4490,44.7600,44.8400,4084674,0
20160104,44.0900,44.4500,43.2500,43.7900,10048598,0
20160105,43.7900,44.4500,43.6500,44.1500,9170522,0
20160106,43.3300,44.1700,43.2800,43.9900,16140650,0
20160107,43.0400,43.0400,41.3500,41.5900,18523321,0
20160108,41.6500,42.0600,40.9700,40.9900,13155373,0
20160111,41.3300,41.7950,41.0400,41.6800,9362442,0
20160112,41.6800,42.2900,41.5100,42.1200,9209461,0
20160113,42.1100,42.3300,40.5200,40.5900,13108462,0
20160114,41.5500,41.9300,40.5900,41.3600,10837130,0
20160115,40.5600,40.8600,39.7900,40.3100,15254724,0
20160119,41.0500,41.6600,40.6500,41.4600,12476675,0
20160120,40.8900,41.1500,39.6800,40.6700,11762068,0
20160121,40.8200,40.9100,40.0000,40.3300,8362639,0
20160122,41.0900,41.7350,40.4000,41.6000,8540442,0
20160125,41.7300,41.7900,40.1600,40.2000,12418314,0
20160126,40.2400,41.5500,40.2400,41.3500,7523362,0
20160127,41.3400,41.9600,40.7800,41.1200,6893484,0
20160128,41.8100,42.5285,41.4300,41.5500,10541669,0
20160129,42.0800,43.1000,41.8300,43.1000,12491770,0
20160201,42.8200,42.9550,42.1000,42.7300,6877324,0
20160202,42.1200,42.7000,41.6700,41.9500,9720472,0
20160203,38.3800,40.0800,38.2200,39.2300,24064778,0
20160204,39.0100,39.0900,37.8600,38.0200,16742956,0
20160205,37.9900,38.6799,37.3700,37.7000,28922885,0
20160208,37.2700,37.3278,35.8800,36.3400,17749237,0
20160209,36.2100,37.3800,36.1300,37.0500,9557595,0
20160210,37.6900,38.5650,37.2920,38.0250,11946034,0
20160211,37.1500,37.9400,36.9000,37.6800,10395824,0
20160212,38.1000,38.1599,37.6350,38.1000,5916219,0
20160216,38.6400,39.1500,38.3950,39.1200,9465040,0
20160217,39.4800,39.9200,39.1501,39.8100,10004306,0
20160218,39.9600,40.2800,39.8000,39.9600,6343591,0
20160219,39.7900,40.7650,39.5600,39.8100,12583983,0
20160222,40.0000,40.1100,39.5000,39.7000,8801438,0
20160223,39.5600,40.1700,39.5100,40.0700,6802457,0
20160224,39.9600,41.0000,39.6300,40.7600,7878239,0
20160225,40.8500,41.5900,40.7200,41.5800,6831781,0
20160226,41.7900,41.8290,40.6700,40.6900,9043044,0
20160229,40.5400,41.1700,40.5000,40.5300,8189339,0
20160301,40.9900,41.4200,40.6650,41.3300,6153562,0
20160302,40.9600,41.2800,40.5500,41.2200,6563196,0
20160303,41.1200,41.8900,40.9400,41.8800,7358799,0
20160304,41.9700,42.5400,41.7700,42.1300,6326582,0
20160307,41.7100,42.3324,41.5600,41.7300,6353200,0
20160308,41.3800,41.7600,41.1000,41.3800,6697773,0
20160309,41.5500,42.2100,41.3000,41.9500,6469964,0
20160310,41.9100,42.1600,41.1100,41.6700,6228354,0
20160311,41.9700,42.4200,41.5600,42.3600,5505778,0
20160314,42.0300,42.3500,41.7900,42.2400,3287263,0
20160315,41.9300,42.1500,41.5501,41.6400,6363839,0
20160316,41.5700,42.2100,41.3300,41.7200,9520977,0
20160317,40.5500,41.2900,40.0900,40.7800,23787766,0
20160318,41.0400,41.1700,40.6650,40.7400,17864504,0
20160321,40.5200,40.9100,40.5200,40.6900,11403447,0
20160322,40.5600,40.7000,39.7700,39.9100,13393880,0
20160323,39.9600,40.2000,39.5000,39.9400,14240578,0
20160324,39.9600,40.0600,39.4900,39.5100,9452663,0
20160328,39.6700,39.7000,39.2100,39.4400,7449305,0
20160329,39.5000,40.1900,39.2400,40.1000,8883513,0
20160330,40.4900,40.5900,40.0000,40.4600,9630388,0
20160331,40.5600,40.5800,40.0750,40.1200,9372825,0
20160401,40.0000,41.2950,39.5300,41.2400,8379789,0
20160404,41.1400,41.2900,40.8300,41.2200,8031446,0
20160405,40.7000,41.1500,40.7000,41.0300,9468610,0
20160406,40.4500,41.8900,40.3200,41.8800,8124220,0
20160407,41.5900,41.8199,41.3150,41.5200,6778784,0
20160408,41.6900,42.3500,41.6700,42.3200,7942365,0
20160411,42.8700,42.9500,42.1100,42.1600,6012940,0
20160412,42.0700,42.5300,41.9500,42.4000,5248387,0
20160413,42.6600,42.9800,42.3041,42.7000,6584790,0
20160414,42.7400,42.8500,42.1200,42.1600,10208146,0
20160415,42.3200,43.0300,41.9100,43.0200,6723319,0
20160418,42.8000,43.2900,42.6600,43.2500,4643661,0
20160419,43.4900,43.6500,43.0900,43.2600,4753319,0
20160420,43.2100,43.4800,42.7150,43.1700,5152924,0
20160421,43.0100,43.1699,41.8600,41.9000,7854717,0
20160422,41.9000,42.1950,41.5450,42.1900,6496145,0
20160425,42.0000,42.3800,41.8900,42.2600,5151912,0
20160426,42.2700,42.5000,42.0200,42.5000,7902040,0
20160427,44.3000,44.5000,43.2800,43.8800,11012228,0
20160428,43.6900,44.0515,43.2500,43.3750,6464291,0
20160429,42.9800,43.2300,42.5900,42.9600,9545940,0
20160502,43.1900,44.4800,43.0200,44.3100,7595066,0
20160503,43.6900,43.9950,43.2900,43.6700,5269183,0
20160504,43.4600,43.7900,43.2150,43.6700,4406175,0
20160505,43.8800,44.2299,43.6900,43.9200,4740717,0
20160506,43.7300,44.1700,43.2700,43.9300,4181508,0
20160509,43.9400,44.4100,43.8900,44.2800,5878488,0
20160510,44.3200,45.0800,44.2550,45.0400,4986162,0
20160511,44.8400,45.1700,44.3300,44.4000,4668825,0
20160512,44.5100,45.0100,44.3800,44.8500,8958302,0
20160513,44.6800,44.9200,44.2200,44.3600,6229683,0
20160516,44.2500,44.7300,44.2400,44.5200,5154263,0
20160517,44.5600,44.6000,42.9800,43.2500,7722842,0
20160518,42.9300,43.6500,42.8700,43.2400,6097034,0
20160519,43.5600,43.5600,42.5700,43.2700,4540592,0
20160520,43.3000,43.6900,43.2100,43.3600,5424844,0
20160523,43.3800,43.5900,43.0500,43.1900,5419009,0
20160524,43.5800,44.2300,43.3000,44.1500,5512235,0
20160525,44.1100,44.4850,43.9300,44.2200,4503507,0
20160526,44.1400,44.6000,44.0480,44.3500,3412911,0
20160527,44.3500,44.7800,44.3100,44.7800,4811643,0
20160531,44.7700,44.9500,44.2900,44.4900,8450051,0
20160601,44.5000,44.8300,44.3300,44.8300,5943184,0
20160602,44.6300,45.0700,44.5800,45.0700,4913988,0
20160603,45.0200,45.2500,44.8200,45.2400,4576713,0
20160606,45.2800,45.4400,44.8800,45.1200,5171635,0
20160607,45.1900,45.6200,45.1500,45.3300,4664785,0
20160608,45.2500,45.2800,44.6000,45.0500,5471146,0
20160609,44.8800,45.3500,44.8700,45.2200,3008379,0
20160610,44.7200,45.3700,44.7200,45.0200,5154463,0
20160613,45.2000,45.2950,44.1000,44.1700,7002554,0
20160614,44.1200,44.1975,43.5800,44.0200,4804454,0
20160615,44.1000,44.3500,43.7400,43.8300,4746077,0
20160616,43.6900,44.2400,43.5400,44.2300,5179417,0
20160617,44.2300,44.2300,43.6100,44.0400,7926425,0
20160620,44.5500,44.9200,44.2100,44.2300,5229893,0
20160621,44.4100,44.6700,44.2100,44.4800,5334937,0
20160622,44.4300,44.7100,44.1550,44.1800,4752932,0
20160623,44.6700,44.8600,44.4350,44.8500,4951929,0
20160624,42.7700,43.6750,41.8200,42.2700,17588437,0
20160627,41.8800,42.0000,41.2700,41.3800,11937952,0
20160628,41.2900,41.8900,41.0800,41.8500,9151814,0
20160629,42.2200,43.0000,41.9000,42.9700,8676973,0
20160630,43.2400,45.7500,42.5900,45.5100,31555508,0
20160701,45.2400,46.3200,44.9850,45.1100,11188564,0
20160705,45.0500,45.7300,44.8700,44.9000,7245168,0
20160706,44.7200,45.3350,44.6850,45.2000,6323468,0
20160707,45.1500,45.5800,44.8390,45.1700,5477529,0
20160708,45.6300,46.1100,45.0800,46.1000,7191313,0
20160711,46.0800,46.1200,45.5900,45.8500,6112690,0
20160712,45.7900,46.3600,45.6600,45.7300,5632687,0
20160713,45.8300,46.0400,45.2800,45.6000,4942228,0
20160714,45.8200,46.0100,45.5000,45.6800,6244038,0
20160715,45.3500,46.0000,45.3500,45.3900,9372173,0
20160718,45.6500,45.7000,45.3800,45.4200,4417861,0
20160719,45.3700,45.5800,45.0450,45.5800,5379964,0
20160720,45.6600,45.7900,45.0000,45.1700,3963811,0
20160721,45.1400,45.3200,44.7900,45.1800,6528608,0
20160722,45.4100,45.4800,45.0850,45.1300,3730376,0
20160725,45.3100,45.8300,45.3005,45.7600,7205994,0
20160726,45.7000,45.8200,45.0400,45.2500,7410384,0
20160727,45.2500,45.5000,43.8900,43.9400,8229457,0
20160728,43.8900,44.2500,43.4400,44.1800,6616468,0
20160729,44.0600,44.4000,43.8600,43.9800,6145259,0
20160801,43.9100,43.9800,43.2800,43.4800,5179272,0
20160802,43.6200,43.6200,42.6900,43.0300,5648732,0
20160803,42.9800,43.2250,42.7600,43.1000,4608195,0
20160804,43.1600,43.2300,42.3000,42.5000,8436948,0
20160805,42.7600,43.6100,42.6200,43.2700,6657880,0
20160808,43.3100,43.5700,43.1850,43.4200,4090559,0
20160809,43.5700,43.8400,43.2600,43.5200,5099677,0
20160810,43.6500,43.8000,43.2500,43.4700,2911639,0
20160811,43.6500,43.7000,43.0400,43.1400,5026358,0
20160812,43.1000,43.2900,42.9000,43.1700,10399229,0
20160815,43.2500,43.3100,42.9200,42.9600,4833850,0
20160816,42.9500,43.0300,42.6700,42.7000,4127162,0
20160817,42.9100,43.0600,42.4000,43.0100,5153788,0
20160818,42.9800,43.2800,42.8700,43.2300,4107032,0
20160819,43.0700,43.2800,42.8300,43.0550,4174609,0
20160822,43.0000,43.3000,42.8000,43.2000,3549316,0
20160823,43.3200,43.4687,43.1300,43.2100,5279884,0
20160824,43.2900,43.3600,42.8800,43.0000,3626776,0
20160825,43.0200,43.2900,42.8900,43.0800,4327168,0
20160826,43.1600,43.5600,42.9100,43.0600,4359363,0
20160829,43.1700,43.1800,42.7700,43.0400,3924572,0
20160830,44.8500,45.0900,44.2100,44.7400,13349414,0
20160831,44.7300,45.1600,44.5900,45.0200,10215381,0
20160901,45.1400,45.2000,43.7100,43.9500,13197645,0
20160902,44.2200,44.5650,44.0450,44.1900,5539791,0
20160906,44.5300,44.8800,43.9000,44.4200,4496520,0
20160907,44.4400,44.5100,43.5400,43.6000,6537995,0
20160908,43.9900,43.9900,43.4500,43.6400,5684947,0
20160909,43.0900,43.2700,42.0900,42.0900,9977908,0
20160912,42.4200,43.6200,41.9600,43.5500,12369848,0
20160913,42.9700,43.1800,42.5401,42.6900,10607930,0
20160914,42.6600,42.9290,42.3300,42.5400,7263473,0
20160915,42.3800,43.0900,42.2800,43.0200,6304495,0
20160916,42.6600,43.0650,42.5350,42.9100,9443738,0
20160919,42.9700,43.3750,42.8400,42.8700,8341476,0
20160920,43.2800,43.8329,42.8000,42.8400,6846769,0
20160921,42.8100,43.0600,42.5100,42.9300,7326634,0
20160922,43.3400,43.5700,43.1400,43.3700,6355700,0
20160923,43.3400,43.4277,43.0850,43.1600,4579395,0
20160926,42.6800,43.0100,42.6500,42.7200,5100822,0
20160927,43.3900,43.3900,42.7500,43.1600,4657752,0
20160928,43.1100,43.4700,43.0600,43.4000,5798336,0
20160929,43.1900,43.8750,43.1100,43.1400,7875871,0
20160930,43.3300,44.1200,43.2200,43.9000,8414524,0
20161003,43.7100,43.9000,43.3700,43.7800,4956650,0
20161004,43.5400,43.9800,43.0300,43.1600,5508919,0
20161005,43.3400,43.4500,42.9500,43.0300,5199894,0
20161006,42.9000,43.1100,42.6599,43.0100,3831084,0
20161007,43.1100,43.1800,42.4300,42.6900,6418994,0
20161010,42.8300,43.2400,42.8200,43.0400,4750645,0
20161011,42.9800,43.0500,42.0800,42.3300,5211357,0
20161012,42.2800,42.5462,42.1150,42.4100,3919999,0
20161013,41.9300,42.1200,41.5400,41.8700,5215705,0
20161014,42.2100,42.5300,41.9900,42.0500,4043721,0
20161017,41.9100,42.2000,41.9000,41.9900,3449026,0
20161018,42.3500,42.5400,42.1100,42.1200,4738755,0
20161019,42.0900,42.2800,41.7700,42.1300,5428355,0
20161020,42.1000,42.3800,41.7300,42.0900,6968155,0
20161021,41.8100,42.2450,41.4400,42.2100,6819054,0
20161024,42.4300,42.7766,42.2200,42.6100,5280589,0
20161025,42.6500,42.8800,42.4200,42.7600,9721433,0
20161026,44.7400,44.7400,43.0300,44.3200,15684292,0
20161027,44.5500,44.5732,43.8300,43.9000,7419415,0
20161028,44.6800,45.4300,43.7500,45.2000,10446361,0
20161031,45.3300,45.6550,44.9300,44.9400,9825873,0
20161101,45.0300,45.2200,44.2001,44.4000,7230854,0
20161102,44.4700,44.5900,43.9700,43.9900,7215822,0
20161103,44.0400,44.0500,43.2800,43.3100,6845261,0
20161104,42.6600,43.1800,42.4400,42.6100,7066906,0
20161107,43.1700,44.2450,43.1601,44.2200,8631409,0
20161108,44.9100,46.4000,44.4600,46.0100,15230357,0
20161109,44.0600,45.6300,43.9200,44.0100,15580017,0
20161110,43.7900,43.8500,41.3700,41.9200,19840861,0
20161111,41.8500,41.9200,40.9750,41.1900,12500406,0
20161114,41.3100,41.6900,40.6700,41.4200,11666821,0
20161115,41.6200,42.5850,41.5400,42.3700,9441907,0
20161116,42.1600,42.7500,42.1100,42.5500,9421980,0
20161117,42.7000,43.0100,42.1100,42.9900,9652344,0
20161118,42.7500,43.2100,42.4000,42.9200,9567562,0
20161121,42.7200,43.2000,42.7200,42.9800,5720774,0
20161122,43.0800,43.4800,42.9400,43.4000,7539331,0
20161123,43.1000,43.3600,42.3900,42.5000,8360294,0
20161125,42.5300,43.4100,42.5300,43.2800,3487994,0
20161128,43.2300,43.2800,42.7300,42.9200,6169784,0
20161129,42.9200,43.1200,42.6400,42.8600,4737676,0
20161130,42.9000,43.0700,41.2100,41.2400,11713421,0
20161201,41.3400,41.4500,40.6900,40.8400,13916192,0
20161202,40.9900,41.2900,40.8500,41.1700,7328240,0
20161205,41.3400,41.5600,40.9327,41.0300,7269921,0
20161206,41.0400,41.1400,40.5000,40.6500,8998610,0
20161207,41.2000,41.9800,41.0600,41.9400,8767304,0
20161208,41.9200,41.9200,41.2650,41.3300,6618820,0
20161209,41.4100,41.9500,41.2600,41.9500,6158423,0
20161212,41.8400,42.7350,41.8200,42.6600,6151553,0
20161213,42.7300,43.5050,42.5300,43.0800,7335322,0
20161214,43.1700,43.6000,42.5200,42.8300,7214170,0
20161215,44.9000,45.7700,44.0000,44.7100,20909806,0
20161216,44.8700,44.8700,44.0000,44.3700,13103830,0
20161219,44.4800,44.6500,44.0600,44.5900,6512245,0
20161220,43.9300,44.8250,43.9300,44.3200,6393365,0
20161221,44.4100,45.1500,44.4100,44.8700,8065134,0
20161222,44.8600,45.1100,44.7000,44.9800,5081809,0
20161223,44.9000,45.0500,44.7700,45.0100,2280674,0
20161227,45.1200,45.2900,44.9300,45.0400,5179305,0
20161228,44.9800,45.1200,44.6350,44.7200,8170947,0
20161229,44.7000,45.0300,44.6700,44.8400,3144452,0
20161230,44.9600,44.9700,44.2100,44.3300,5257722,0
20170103,44.7100,44.8750,44.4200,44.8500,6082044,0
20170104,44.8500,45.2000,44.6700,44.8000,4699501,0
20170105,44.7700,45.1300,44.6500,45.0000,6464526,0
20170106,45.0800,45.3700,44.6000,45.0600,5082309,0
20170109,45.2800,45.2800,44.6200,44.6900,6325725,0
20170110,44.5600,44.7600,44.1100,44.1700,9677945,0
20170111,44.1200,45.2850,44.1100,45.0700,7844617,0
20170112,45.0000,45.1800,44.7450,44.8900,4009049,0
20170113,44.9700,45.1700,44.4100,44.6000,4624963,0
20170117,44.5600,44.9000,44.4000,44.9000,4764311,0
20170118,45.0000,45.4600,44.9000,45.0300,5373613,0
20170119,45.0100,45.0300,44.4000,44.5900,6783390,0
20170120,44.9300,45.4500,44.6900,45.2000,8831982,0
20170123,45.0600,45.1950,44.5200,44.8600,6405414,0
20170124,44.8400,45.1625,44.6700,44.9300,7657878,0
20170125,45.1500,45.3700,44.9200,45.0900,6258599,0
20170126,45.0900,45.0900,44.5800,44.6100,4766780,0
20170127,44.6800,44.7600,44.1500,44.2000,6336333,0
20170130,44.1800,44.8900,44.0300,44.4300,6485832,0
20170131,44.4200,44.5500,43.9200,44.2800,9396887,0
20170201,44.1800,44.3482,43.6500,43.8900,5812359,0
20170202,43.8800,44.3500,43.8800,44.0100,5172266,0
20170203,44.3200,44.5300,44.0000,44.3600,5075060,0
20170206,44.3500,44.4850,43.9100,44.0100,4398163,0
20170207,44.0400,44.1400,43.8299,43.9300,6932186,0
20170208,43.5900,45.2300,43.5801,44.4700,15147596,0
20170209,44.6000,45.2100,44.4900,44.7000,10010327,0
20170210,44.8000,45.3000,44.6100,44.9900,9912517,0
20170213,45.0700,45.1700,44.4000,45.0300,6301240,0
20170214,45.0100,45.1700,44.7200,44.9900,5550751,0
20170215,44.7900,45.4800,44.5000,45.3700,5660793,0
20170216,45.2300,45.2900,43.0150,43.2000,20513416,0
20170217,41.8600,42.9100,41.3000,42.5000,25268156,0
20170221,44.2600,45.0400,43.9400,44.9700,16410898,0
20170222,44.6100,44.8500,44.3300,44.6500,7852052,0
20170223,44.6900,45.1200,44.1700,44.8900,6163906,0
20170224,44.9800,45.3900,44.8600,45.3800,5760849,0
20170227,44.7400,44.7500,43.7300,43.7700,8771778,0
20170228,43.8500,44.0800,43.6500,43.9200,7854693,0
20170301,44.1600,44.4000,43.9301,44.0400,11305611,0
20170302,44.2300,44.2300,43.7200,43.7800,7204731,0
20170303,43.8500,43.9000,43.4650,43.7300,5677565,0
20170306,43.4200,43.8400,43.3400,43.6500,5292195,0
20170307,43.4800,43.7000,43.1800,43.2300,7349425,0
20170308,43.2200,43.4300,43.0800,43.1400,7118346,0
20170309,43.2700,43.9300,43.1100,43.8000,7265695,0
20170310,44.0000,44.0200,43.7200,43.8500,7028379,0
20170313,43.7400,44.2400,43.5500,44.2100,5562375,0
20170314,44.1300,44.2650,43.8200,43.8600,9688516,0
20170315,44.1200,44.9600,44.0100,44.5500,7691899,0
20170316,44.5500,44.9000,44.3200,44.8800,6689460,0
20170317,45.0600,45.1150,44.6600,44.7500,13615170,0
20170320,44.6400,44.7100,44.2800,44.4400,6557361,0
20170321,44.5100,44.5400,44.0600,44.1000,5877169,0
20170322,44.1900,44.3400,43.7647,44.0000,5536562,0
20170323,43.9000,44.2800,43.8000,44.0200,4404414,0
20170324,44.1100,44.1100,43.6000,43.8000,5863967,0
20170327,43.6400,43.8600,43.4600,43.5300,7023143,0
20170328,43.4000,43.9300,43.0600,43.7000,6081628,0
20170329,43.5700,43.8600,43.3300,43.7500,5104860,0
20170330,43.6500,43.6600,43.2100,43.2800,5680152,0
20170331,43.1800,43.5050,43.0800,43.0800,7256820,0
20170403,43.2300,43.3000,42.9150,43.0500,12587968,0
20170404,43.6400,43.7300,43.2100,43.4600,9771310,0
20170405,43.5700,44.4100,43.4600,44.0100,7697698,0
20170406,43.9400,44.3000,43.6600,44.1100,6498686,0
20170407,44.1300,44.3800,43.9400,44.1800,5753895,0
20170410,44.2300,44.5600,44.1600,44.4000,6549921,0
20170411,44.2900,44.5000,43.9400,44.0600,5385152,0
20170412,43.8400,44.4700,43.7900,44.3900,4671440,0
20170413,44.4900,44.5500,44.0400,44.0400,3851484,0
20170417,44.2200,44.2900,43.9800,44.1400,4701807,0
20170418,44.2000,44.9000,44.1300,44.7400,6406403,0
20170419,44.8000,44.9300,44.5600,44.6200,4343662,0
20170420,44.7200,45.2500,44.4600,44.9800,4874534,0
20170421,44.9800,45.0600,44.8200,44.9400,5782257,0
20170424,45.2500,45.6550,45.1300,45.3900,7924073,0
20170425,45.4200,45.6700,45.3900,45.5100,5623172,0
20170426,45.5700,45.6600,45.0800,45.1200,5052645,0
20170427,45.1600,45.3900,44.9350,45.0000,4783261,0
20170428,45.0300,45.1000,44.7700,45.0300,3933617,0
20170501,45.0400,45.1200,44.0200,44.0600,9145374,0
20170502,44.2200,44.2400,43.4600,43.7400,12895400,0
20170503,45.0000,45.8800,44.8250,45.0300,12261473,0
20170504,45.2500,45.7200,44.8100,45.0500,10477887,0
20170505,45.1800,45.3900,44.6100,44.8300,7182499,0
20170508,44.7700,45.0100,44.4600,44.5900,7340936,0
20170509,44.5300,44.6454,44.2000,44.3000,5661287,0
20170510,44.3100,44.4950,43.9600,44.2500,5661538,0
20170511,44.9300,44.9300,44.2200,44.6600,5279136,0
20170512,44.5900,44.9753,44.2500,44.8700,7249216,0
20170515,45.1100,45.8900,44.8700,45.8100,10612848,0
20170516,45.8050,45.9000,45.3200,45.5100,10011344,0
20170517,45.5400,45.6400,44.8350,44.8600,9156893,0
20170518,44.7500,45.2250,44.6000,45.0000,6022184,0
20170519,45.0000,45.7900,44.8700,45.7300,6687508,0
20170522,45.6500,46.3300,45.5600,46.1100,6481589,0
20170523,46.0800,46.5200,45.9700,46.0500,6148550,0
20170524,46.1300,46.1800,45.9000,46.1100,5290129,0
20170525,46.2300,46.6200,46.0800,46.5300,4580173,0
20170526,46.7000,46.8300,46.4000,46.4400,6502082,0
20170530,46.4500,46.4500,46.1400,46.3600,5488515,0
20170531,46.3500,46.7600,46.1905,46.5900,5660526,0
20170601,46.6500,46.9600,46.4200,46.9500,5538634,0
20170602,47.1300,47.2300,46.7576,47.1900,5699260,0
20170605,47.1500,47.2000,46.8050,47.0000,6113190,0
20170606,46.9900,47.1957,46.7500,46.8100,5102831,0
20170607,47.1800,47.1800,46.7100,46.7600,4788923,0
20170608,46.7400,46.7750,46.3400,46.3900,9135375,0
20170609,46.5200,46.5200,45.4300,45.6200,9458387,0
20170612,45.4000,45.9100,45.0510,45.3700,11767048,0
20170613,45.2900,45.8100,45.1000,45.6400,7410642,0
20170614,45.4200,46.1000,45.4200,45.7300,7018077,0
20170615,45.6100,45.9200,45.2800,45.8800,6141046,0
20170616,45.4100,45.7000,44.7300,45.1900,14941710,0
20170619,45.4500,45.5000,44.9600,45.4800,4894814,0
20170620,45.4800,45.6200,45.0200,45.0300,6825229,0
20170621,45.2300,45.3250,44.9400,44.9800,6399413,0
20170622,44.9800,45.2100,44.7600,44.8500,4708427,0
20170623,45.0700,45.0800,44.8500,44.9000,7181648,0
20170626,45.1000,45.3250,44.8900,44.9000,4532294,0
20170627,45.0000,45.0000,43.9400,43.9700,10695384,0
20170628,44.0600,44.4700,43.9900,44.0400,8676734,0
20170629,43.9000,44.0550,42.9150,43.1200,6139202,0
20170630,43.5900,43.6400,43.1600,43.1900,5524097,0
20170703,43.4700,43.5800,43.1500,43.2000,4074445,0
20170705,43.1500,43.4200,43.0000,43.1200,6715165,0
20170706,43.0000,43.3500,42.9400,43.0600,6848738,0
20170707,42.9900,43.3700,42.8900,43.2200,8836062,0
20170710,43.2700,43.4200,43.0000,43.0500,4966205,0
20170711,43.0500,43.1900,42.7550,42.9900,4717828,0
20170712,43.3100,43.4700,43.1850,43.2400,5255092,0
20170713,43.1800,43.4050,43.0200,43.2900,4565660,0
20170714,43.5200,43.6900,43.3100,43.6200,5329926,0
20170717,43.6500,43.7600,43.4900,43.6900,3574515,0
20170718,43.7600,43.8700,43.5700,43.8000,3675203,0
20170719,43.7600,44.1800,43.5964,44.1400,4682093,0
20170720,44.1600,44.2900,43.7600,43.8100,6673932,0
20170721,43.7800,44.1100,43.7238,44.0300,7302757,0
20170724,43.9500,44.2300,43.6700,43.7500,5035687,0
20170725,44.2500,44.3767,43.9500,44.2400,7250723,0
20170726,44.3200,44.4400,44.0600,44.2200,3868593,0
20170727,44.0400,44.2600,43.7500,44.2400,6373823,0
20170728,44.3700,44.3800,43.8600,43.9300,5602702,0
20170731,43.9900,44.1000,43.6250,44.0200,6596220,0
20170801,44.0400,44.0500,43.5900,43.6200,6550922,0
20170802,44.0300,44.1700,42.7850,44.1000,13142814,0
20170803,44.2000,44.3450,43.3700,43.4100,9807060,0
20170804,43.5800,43.7600,43.3150,43.4800,7013684,0
20170807,43.5600,44.0600,43.4100,43.9900,7044013,0
20170808,43.7700,43.9600,43.5300,43.6400,5238348,0
20170809,43.5300,43.7464,43.2700,43.4700,4596062,0
20170810,43.2500,43.5950,43.1900,43.2700,5468183,0
20170811,43.3400,43.7400,43.2100,43.5900,4576416,0
20170814,43.7600,44.0299,43.6500,43.7000,5370525,0
20170815,43.6800,43.9300,43.6200,43.8600,6652920,0
20170816,44.2200,44.4784,44.0000,44.1900,6468793,0
20170817,43.4600,44.2350,43.3950,43.4100,6398742,0
20170818,43.4600,43.5700,42.9100,42.9400,6689868,0
20170821,42.9000,43.3200,42.8200,43.1100,3747460,0
20170822,43.1200,43.4900,43.1200,43.4400,3533193,0
20170823,43.4900,43.4900,43.0400,43.1000,3776930,0
20170824,42.9900,43.0900,41.7900,41.8800,14972072,0
20170825,41.9600,42.2000,41.4100,41.4800,10444274,0
20170828,41.6200,41.6900,40.9600,41.3000,10388671,0
20170829,41.2900,41.9900,41.0700,41.8900,7542768,0
20170830,41.7600,42.3050,40.3900,41.6300,27326742,0
20170831,41.5500,41.5500,40.4700,40.6600,16709669,0
20170901,40.7900,40.9700,40.6000,40.8800,6671569,0
20170905,40.9500,41.1300,40.5400,40.7300,9107255,0
20170906,40.7800,40.7900,40.2200,40.5900,10037066,0
20170907,40.7700,41.0600,40.6000,40.9600,11200054,0
20170908,40.9700,41.1850,40.6100,40.6300,9086314,0
20170911,40.8300,41.2200,40.7100,41.1900,8377116,0
20170912,41.3300,41.4000,40.9000,40.9800,5646129,0
20170913,41.0000,41.3300,40.8200,41.1200,7172180,0
20170914,41.1200,41.2700,40.5500,40.6800,7256655,0
20170915,40.6300,41.0700,40.6300,40.8600,10043697,0
20170918,41.0000,41.0000,40.6550,40.7100,8644262,0
20170919,40.7400,40.8700,40.4650,40.5800,7355393,0
20170920,40.6450,40.7908,40.2300,40.4100,10937938,0
20170921,40.5300,40.7000,40.1400,40.1900,8125203,0
20170922,40.1600,40.4150,40.0400,40.0500,8256032,0
20170925,40.1000,40.7100,40.0500,40.5000,8847503,0
20170926,40.6300,40.8900,40.4600,40.6300,8261364,0
20170927,40.8000,40.8000,40.2900,40.5700,7635639,0
20170928,40.4800,40.8500,40.3350,40.5200,6743712,0
20170929,40.6000,40.7600,40.3000,40.6600,7750125,0
20171002,40.6000,41.4100,40.5600,41.1000,14914154,0
20171003,41.2900,41.2900,40.8300,40.9400,7881693,0
20171004,41.0500,41.2400,40.9000,41.0200,5607941,0
20171005,41.0800,41.2300,40.9500,41.1000,6574494,0
20171006,41.1500,41.2600,41.0300,41.1300,5051284,0
20171009,41.4100,41.4200,40.7100,40.8100,4633483,0
20171010,40.8900,41.6300,40.8300,41.4500,9086755,0
20171011,41.4500,41.8100,41.4000,41.7100,6476952,0
20171012,41.7600,41.9000,41.5200,41.8100,4983485,0
20171013,42.0000,42.0000,41.6200,41.6800,5523521,0
20171016,41.6400,41.7600,41.4350,41.5500,4466095,0
20171017,41.3900,41.4500,40.9800,41.1300,6081466,0
20171018,41.0300,41.1300,40.7248,40.8100,5619591,0
20171019,40.8400,40.9050,40.6200,40.7300,5863167,0
20171020,40.6700,41.0600,40.6700,41.0200,7438704,0
20171023,41.1400,41.2800,40.8800,41.0400,5319002,0
20171024,41.0500,41.4200,40.9400,41.0900,7628796,0
20171025,40.9200,41.1100,40.5400,41.0800,5470220,0
20171026,41.3000,41.3500,40.8900,40.9100,5955128,0
20171027,40.3800,40.8900,40.3600,40.6800,9329444,0
20171030,40.4600,40.6700,39.1900,39.3000,12658240,0
20171031,42.3300,42.4900,41.3300,41.4300,15979084,0
20171101,41.8500,41.8800,41.2200,41.2700,7481725,0
20171102,41.2600,41.4600,40.8900,41.1600,6763945,0
20171103,41.1600,41.3500,40.9000,40.9700,5121822,0
20171106,40.9400,40.9500,40.2000,40.4200,5480386,0
20171107,40.5200,41.2700,40.3600,41.2100,7019351,0
20171108,40.9700,41.7700,40.9700,41.6000,10393331,0
20171109,41.3100,41.6300,41.2200,41.3500,6675745,0
20171110,41.1200,42.0800,41.0328,41.9500,8086905,0
20171113,41.8300,42.1900,41.8300,42.0500,6620174,0
20171114,41.9800,42.6300,41.7730,42.5300,8295034,0
20171115,42.4700,42.6400,41.8800,41.9500,8549661,0
20171116,41.9500,42.5100,41.8950,42.1900,6664600,0
20171117,42.2500,42.7650,42.1500,42.3000,8808520,0
20171120,42.3000,42.6200,41.9800,42.1100,5958689,0
20171121,42.3000,42.3400,42.0400,42.3200,5631727,0
20171122,42.4500,42.4500,42.0900,42.3300,5269762,0
20171124,42.2600,42.5300,42.0950,42.1500,3401726,0
20171127,42.2300,42.6300,42.2200,42.4700,5835619,0
20171128,42.5900,42.7600,42.4100,42.6100,5606123,0
20171129,42.6400,43.4300,42.5900,42.9400,8354671,0
20171130,43.0000,43.3400,42.7550,42.9400,8628339,0
20171201,42.6800,43.1600,42.4200,42.9200,8303788,0
20171204,42.5000,43.3700,42.5000,43.1100,8902721,0
20171205,43.1700,43.4300,42.7200,42.9900,6827939,0
20171206,43.1900,43.4150,42.9700,43.3300,7421161,0
20171207,43.2400,43.3000,42.6700,42.6800,6418060,0
20171208,42.8900,42.9200,42.5300,42.6500,5611330,0
20171211,42.5300,42.8800,42.3700,42.8700,10437820,0
20171212,42.7700,42.9800,42.6800,42.8800,12253548,0
20171213,42.8800,43.1300,42.6800,42.9400,8713974,0
20171214,42.8900,42.9900,42.7400,42.7700,8800268,0
20171215,42.8900,43.5200,42.5200,43.3800,14330498,0
20171218,43.4400,43.9800,42.8400,43.1100,10845519,0
20171219,43.3200,43.6500,43.1500,43.2500,6778869,0
20171220,43.3800,43.4700,42.8900,42.9500,6962207,0
20171221,43.1200,43.2900,42.9700,43.1000,6293352,0
20171222,43.2000,43.4700,43.1350,43.3600,8306538,0
20171226,43.4200,43.7300,43.2500,43.4200,6620438,0
20171227,43.3800,43.5901,43.1450,43.2500,5435099,0
20171228,43.1300,43.2700,42.9000,43.0600,4798507,0
20171229,42.9600,43.2400,42.7700,42.8000,4422091,0
20180102,43.2200,43.2200,42.4000,42.4100,6251359,0
20180103,42.5000,42.7700,42.3600,42.5800,8427789,0
20180104,42.7200,43.0500,42.4800,42.6800,8529939,0
20180105,42.8200,43.3700,42.7000,43.2300,9033910,0
20180108,43.1000,43.4600,42.9800,43.0100,8004496,0
20180109,43.1400,43.1400,42.8900,42.9900,5672664,0
20180110,42.7600,43.0500,42.4550,42.6300,5355320,0
20180111,42.6800,42.8000,42.2900,42.5100,6450875,0
20180112,42.6500,42.7000,42.3400,42.4700,6993373,0
20180116,42.5200,43.2000,42.5000,42.9900,8473687,0
20180117,43.2700,44.1800,43.1300,43.8600,11236304,0
20180118,43.7800,44.0500,43.2350,43.6800,6183499,0
20180119,43.6800,44.1800,43.6700,44.1400,8154759,0
20180122,43.6900,44.4100,43.6900,44.2800,6762855,0
20180123,44.0700,44.5900,43.9300,44.5000,5603198,0
20180124,44.5900,44.7600,44.4600,44.5900,6378726,0
20180125,44.7200,45.0000,44.2000,44.4700,7070613,0
20180126,44.6100,44.6100,44.1200,44.4200,5308907,0
20180129,44.9600,45.0100,44.3100,44.5400,9101579,0
20180130,44.5800,45.0600,44.2500,44.3400,6885618,0
20180131,44.3300,44.7700,44.1700,44.4000,13096357,0
20180201,44.3600,46.5400,44.2850,45.8700,15317537,0
20180202,45.8400,46.1300,45.4400,45.5000,10609657,0
20180205,45.3200,46.2000,43.9350,43.9400,14132462,0
20180206,43.6400,44.5700,43.2700,44.5500,11759010,0
20180207,44.2900,44.7800,43.8500,44.0500,8102520,0
20180208,44.1700,44.3350,42.6700,42.6800,12531011,0
20180209,42.8300,43.1300,41.8234,42.1400,13670655,0
20180212,42.3700,42.8800,42.1000,42.5300,14551901,0
20180213,42.2600,43.0200,42.0000,42.8000,8771782,0
20180214,42.6600,43.3100,42.0400,42.9600,9975357,0
20180215,43.1700,44.0900,42.7800,44.0800,8418736,0
20180216,44.0500,44.2900,43.7100,44.1400,6673008,0
20180220,44.0900,44.2900,43.6200,43.7600,4888680,0
20180221,43.9100,44.1900,43.5700,43.6200,8546305,0
20180222,43.7400,44.0200,43.4200,43.5100,8330979,0
20180223,43.7900,43.9500,43.3100,43.7500,8643085,0
20180226,44.1500,45.1800,43.7900,44.7700,12094916,0
20180227,44.4000,44.6000,43.9000,44.0100,10302489,0
20180228,44.2400,44.4600,43.9000,43.9000,7965889,0
20180301,43.9700,44.1700,43.1500,43.6200,7650229,0
20180302,43.4400,44.5800,43.3000,44.4200,9680821,0
20180305,44.0800,45.1500,44.0400,45.0600,6940447,0
20180306,45.0000,45.7100,44.8100,45.5700,8817047,0
20180307,43.5000,43.9700,43.3250,43.5800,19303967,0
20180308,43.7700,44.1450,43.4500,44.0000,8124200,0
20180309,44.4400,44.4400,43.8700,44.2700,8949441,0
20180312,44.5500,44.6500,44.3300,44.3900,6109759,0
20180313,44.6900,44.8300,43.9600,44.0400,7038093,0
20180314,44.2700,44.4100,43.6200,43.8800,6306685,0
20180315,43.7700,43.9350,43.1900,43.3900,5525380,0
20180316,43.5600,43.8200,43.1200,43.1900,8678035,0
20180319,43.0800,43.2200,42.2200,42.3500,13937951,0
20180320,42.3900,42.6700,42.1900,42.3500,6677573,0
20180321,41.6800,42.2600,41.1000,42.0300,14330931,0
20180322,41.6300,41.8717,40.9700,41.0500,8747108,0
20180323,41.1400,41.5400,40.5100,40.5100,10019988,0
20180326,41.0600,41.4000,40.6800,41.3300,6818942,0
20180327,41.7100,41.7200,40.6900,40.9100,6492992,0
20180328,40.7700,41.3800,40.5600,40.5900,9009074,0
20180329,40.9900,42.0900,40.8600,41.7300,10699738,0
20180402,41.5700,41.6700,40.5200,40.7100,9125767,0
20180403,41.0500,41.5000,40.8300,41.1800,7635473,0
20180404,40.7800,42.3100,40.7200,42.0700,9142510,0
20180405,42.2400,42.4600,42.0500,42.2000,6151117,0
20180406,42.0600,42.3800,41.2350,41.4800,6505769,0
20180409,41.6100,42.1300,41.5600,41.6800,7849167,0
20180410,42.1000,42.3100,41.5600,41.7400,6987596,0
20180411,41.5700,42.1400,41.5000,41.8300,7641382,0
20180412,41.8500,42.1900,41.8500,42.0300,6499036,0
20180413,42.2100,42.2700,41.9100,42.0900,5816149,0
20180416,42.1000,42.3000,42.0400,42.2300,5124037,0
20180417,42.3800,42.3900,41.7900,41.9100,4775963,0
20180418,42.0400,42.0524,41.7800,41.9900,6103972,0
20180419,41.7600,42.0000,40.9000,41.0100,6649238,0
20180420,41.0400,41.3800,39.8350,40.1100,10919346,0
20180423,40.2400,40.4000,40.0100,40.3500,7552366,0
20180424,40.5400,40.5900,39.5050,39.7700,7806874,0
20180425,39.7700,39.9200,39.4750,39.6800,6563019,0
20180426,39.8100,40.0400,39.3750,39.7700,9968215,0
20180427,39.8000,40.2100,39.7700,39.9300,6447619,0
20180430,40.0900,40.1050,39.3900,39.5000,13062330,0
20180501,39.4200,39.6200,38.5500,38.9900,9416863,0
20180502,39.0900,39.4900,37.4200,37.8900,16680438,0
20180503,37.9000,38.1200,37.5050,37.5700,8998379,0
20180504,37.5000,39.3000,37.4800,38.9000,15521531,0
20180507,39.0300,39.4100,38.6100,38.6900,7316799,0
20180508,38.6100,38.7000,38.3150,38.5800,8358459,0
20180509,38.6800,38.9500,38.5100,38.7700,7135442,0
20180510,38.8400,39.1450,38.7800,39.1000,5718347,0
20180511,39.2100,39.3600,38.9600,39.2300,6888193,0
20180514,39.2700,39.4800,39.1300,39.2200,5485215,0
20180515,39.1000,39.7200,39.1000,39.4100,9100528,0
20180516,39.5200,39.7100,39.3000,39.5200,5612683,0
20180517,39.5600,39.8300,39.3500,39.5200,5388709,0
20180518,39.5100,39.6800,38.9400,39.6500,16268941,0
20180521,39.7200,39.9100,39.2400,39.3400,6217181,0
20180522,39.4000,39.7700,39.3400,39.4300,5609037,0
20180523,39.2900,39.6300,39.1900,39.4500,6144779,0
20180524,39.4400,39.6300,39.1700,39.5600,5422815,0
20180525,39.5000,39.8100,39.3650,39.5800,4759859,0
20180529,39.0900,39.3800,38.9850,39.3300,8013292,0
20180530,39.4200,39.9450,39.3300,39.6800,6051198,0
20180531,39.6700,39.7700,39.0200,39.2700,8563019,0
20180601,39.3800,39.8600,39.2300,39.5600,9210579,0
20180604,39.7400,39.8600,39.5100,39.7800,6611088,0
20180605,39.7200,39.8000,39.1300,39.2600,7490015,0
20180606,39.3700,39.5300,38.9400,39.4900,7418789,0
20180607,39.2400,39.5800,39.1100,39.3200,5544121,0
20180608,39.3500,39.8400,39.3000,39.7800,7478679,0
20180611,39.7700,40.3500,39.7100,40.2300,6385074,0
20180612,40.2400,40.5150,39.9300,40.4300,7779902,0
20180613,40.3300,40.5100,39.9600,40.1400,7857366,0
20180614,40.0700,40.5800,39.8900,40.4000,6594214,0
20180615,40.3200,40.9800,40.0700,40.8200,12817204,0
20180618,40.7000,40.8000,39.9800,40.1800,7498470,0
20180619,40.0100,40.5800,39.9000,40.3400,6845349,0
20180620,40.3800,40.8100,40.0400,40.7600,7411219,0
20180621,40.7800,40.8300,40.4500,40.7400,8498640,0
20180622,40.8100,41.4000,40.7300,41.3000,7844228,0
20180625,41.2900,41.7000,41.0350,41.4500,8157239,0
20180626,41.4200,41.5700,41.0100,41.1800,4838528,0
20180627,41.0900,41.4900,40.7350,40.9900,6216342,0
20180628,40.8800,41.2500,40.6300,40.9000,5401224,0
20180629,40.7300,41.3600,40.7100,41.0000,6946141,0
20180702,40.9300,41.0300,40.5200,40.8600,4520694,0
20180703,41.0800,41.2000,40.7500,40.8100,2680581,0
20180705,40.9900,41.8900,40.7500,41.8600,6748331,0
20180706,41.8700,42.5900,41.8600,42.3500,8254592,0
20180709,42.3900,42.5050,42.0300,42.1700,3679127,0
20180710,42.2300,42.3200,41.9700,42.0800,4571841,0
20180711,41.9500,42.2800,41.8601,42.2500,4198507,0
20180712,42.3900,42.5956,42.1900,42.4500,5116117,0
20180713,42.4600,42.8500,42.3700,42.8300,4271798,0
20180716,42.8600,42.8600,42.1300,42.3100,6739376,0
20180717,42.2100,42.9500,42.1200,42.8300,6650649,0
20180718,42.7000,42.7800,42.0700,42.1300,7174654,0
20180719,42.0800,42.5100,41.9000,42.2400,5710653,0
20180720,42.3400,42.5600,42.0900,42.4500,6186195,0
20180723,42.2600,42.3400,41.5000,41.6800,6189291,0
20180724,41.2800,41.7900,41.0800,41.5200,8047816,0
20180725,41.0000,41.7600,41.0000,41.5000,9509294,0
20180726,43.1600,43.6400,43.0400,43.2700,13227339,0
20180727,43.4000,43.5000,42.8100,42.9000,8261077,0
20180730,42.8800,43.1900,42.6700,43.0000,7275634,0
20180731,43.1800,43.4400,42.8800,43.3800,8773929,0
20180801,43.2800,43.3200,42.8000,42.8300,7764365,0
20180802,42.6900,43.2400,42.6200,43.1600,7769822,0
20180803,43.2900,44.2300,43.1600,43.7600,9720486,0
20180806,43.7400,43.7500,43.2400,43.2700,6279413,0
20180807,43.3400,43.3400,42.8300,42.9400,6252861,0
20180808,42.9300,43.0200,42.3800,42.3900,4568541,0
20180809,42.5000,42.6700,42.1100,42.1600,5117355,0
20180810,42.1100,42.2350,41.8800,41.9400,4368414,0
20180813,41.9700,42.0900,41.6800,41.9000,5080464,0
20180814,41.9700,42.2233,41.8600,41.8700,4308827,0
20180815,41.5800,41.9300,41.5350,41.8100,5470238,0
20180816,41.9300,42.3100,41.8900,42.1100,5324956,0
20180817,42.0400,42.8300,42.0200,42.7100,5370248,0
20180820,42.7500,43.1500,42.6400,42.8200,5024662,0
20180821,42.9000,43.0200,42.3650,42.5600,3962878,0
20180822,42.4500,42.5302,41.9300,42.2600,3681477,0
20180823,42.0800,42.4000,41.9100,42.0900,5375865,0
20180824,42.1500,42.5800,42.0500,42.3900,3987930,0
20180827,42.6300,42.7400,42.3200,42.4900,3622068,0
20180828,42.5000,42.5600,42.1300,42.2500,3647060,0
20180829,42.2500,42.7100,42.2000,42.5400,4434215,0
20180830,42.5800,42.8200,42.3700,42.4400,6078588,0
20180831,42.3800,42.8300,42.3160,42.7200,7100195,0
20180904,42.6800,42.9400,42.5100,42.6200,6825114,0
20180905,42.2100,43.6600,42.2100,43.4900,8520235,0
20180906,43.3700,43.6050,42.9100,43.4900,5597181,0
20180907,42.5500,42.6900,41.7800,42.5200,10049627,0
20180910,42.5900,42.9950,42.5100,42.9000,4693055,0
20180911,42.7100,42.9300,42.3000,42.8600,7219597,0
20180912,42.8600,43.5700,42.7900,43.3500,5335256,0
20180913,43.5100,43.8800,43.2000,43.8700,5921220,0
20180914,43.7400,44.0000,43.4275,43.8000,4713123,0
20180917,43.7500,43.9800,43.3550,43.7100,5835899,0
20180918,43.7000,43.7000,43.2500,43.4700,6097204,0
20180919,43.4800,43.5900,43.3000,43.4400,4968761,0
20180920,43.6400,44.1100,43.5900,43.8700,6299597,0
20180921,44.0500,44.3500,43.8100,43.9400,8022151,0
20180924,43.8200,43.9600,43.3400,43.4500,4363661,0
20180925,43.6000,43.6422,43.1100,43.2600,5047204,0
20180926,43.3300,43.5700,43.1900,43.2400,4982031,0
20180927,42.8500,43.3700,42.5500,43.0700,7230082,0
20180928,43.4000,43.4000,42.6950,42.9600,6490483,0
20181001,43.0200,43.1400,42.8000,42.8300,4030226,0
20181002,42.8800,43.4800,42.7800,43.2300,3662608,0
20181003,43.4200,43.4900,42.6500,42.7800,4331975,0
20181004,42.5300,42.7400,42.0700,42.3700,7745256,0
20181005,42.3800,42.6400,42.2300,42.4200,5138617,0
20181008,42.4600,43.0800,42.4526,42.9200,5643771,0
20181009,43.0900,43.2200,42.6300,42.7600,3994581,0
20181010,42.7000,43.2250,42.2500,42.2700,7616781,0
20181011,42.4200,42.6900,41.0500,41.1900,8803779,0
20181012,41.1700,41.2800,40.7200,41.1200,6992612,0
20181015,40.9300,41.3800,40.9300,41.0400,8285254,0
20181016,41.0600,41.5400,41.0100,41.2800,8603610,0
20181017,41.3100,41.5329,40.8950,41.1600,10068208,0
20181018,41.2400,41.5200,40.8800,41.0400,5169688,0
20181019,41.4800,42.0600,41.4300,41.8000,7533821,0
20181022,42.0700,42.1900,41.4000,41.4400,5295505,0
20181023,41.2600,41.5100,40.6800,41.2600,7033798,0
20181024,41.3200,41.9200,41.1650,41.3200,7485726,0
20181025,41.1500,41.3400,40.7600,41.0000,8011396,0
20181026,40.5800,40.8000,39.7600,40.1100,10135413,0
20181029,40.4200,40.9850,39.6600,40.1100,9054619,0
20181030,41.9000,42.1700,41.0800,42.1200,14534393,0
20181031,42.0800,42.3300,41.0900,41.9800,14352208,0
20181101,42.0300,42.7200,41.8800,42.3700,9775326,0
20181102,42.2600,42.3600,41.3300,41.9800,10703859,0
20181105,42.2100,42.8500,42.1700,42.7100,6594892,0
20181106,42.6700,43.4700,42.5500,43.4500,6689513,0
20181107,43.6400,44.0800,43.3600,43.6600,6939260,0
20181108,43.6300,43.9800,43.1250,43.9400,4660977,0
20181109,43.8800,44.3800,43.6800,44.3000,6671462,0
20181112,44.0700,44.7750,44.0700,44.4500,8420708,0
20181113,44.6300,44.8700,43.8800,44.0800,6180710,0
20181114,43.8000,44.0500,43.4050,43.7600,7310640,0
20181115,43.6500,43.9500,43.3200,43.9400,7423102,0
20181116,44.0000,44.7000,43.8300,44.2700,6157932,0
20181119,44.2300,44.8100,44.2300,44.4300,6214659,0
20181120,44.6400,44.9500,43.5600,43.6900,7512867,0
20181121,43.6000,43.8700,43.3500,43.4800,5246350,0
20181123,43.3200,44.0300,43.2700,43.7900,2725844,0
20181126,44.3400,44.4600,43.6457,43.9500,7655037,0
20181127,43.8600,44.5500,43.7400,44.5400,6113098,0
20181128,44.1300,44.6000,43.9850,44.4200,7367588,0
20181129,44.3200,44.8400,44.1200,44.5300,5393341,0
20181130,44.6100,45.1000,44.3700,44.9800,12051778,0
20181203,44.8300,45.1500,44.6700,45.0300,6502830,0
20181204,45.1800,45.4500,44.4000,44.4700,8048223,0
20181206,44.3800,44.3900,43.2400,44.2500,10587154,0
20181207,44.1100,44.4800,43.5950,43.8000,6695471,0
20181210,44.0300,44.1600,43.0500,43.9300,6431124,0
20181211,44.1400,44.7350,44.0400,44.2100,7397054,0
20181212,43.9700,44.6070,43.8800,44.0700,6017500,0
20181213,43.6900,44.4000,43.6900,44.3500,5812904,0
20181214,44.2000,44.2400,43.4900,43.5500,6221015,0
20181217,43.6900,43.7700,42.6000,42.8100,7848850,0
20181218,42.9900,43.2000,41.8600,42.1400,10439456,0
20181219,42.4900,42.6595,41.2400,41.4100,11258759,0
20181220,41.3900,41.6000,40.5100,41.1600,11418344,0
20181221,41.0000,41.9000,40.3700,40.6800,17481396,0
20181224,40.7200,40.8500,39.2000,39.4800,6641340,0
20181226,39.6200,40.0250,38.7850,40.0000,8640103,0
20181227,39.7900,40.2599,39.1900,40.2300,11149891,0
20181228,40.1800,40.4800,39.7300,39.8900,7458159,0
20181231,40.0200,40.1800,39.6200,40.0300,9114078,0
20190102,39.7000,40.1300,39.4600,39.8900,7300753,0
20190103,39.7300,40.1700,39.5900,39.7400,7454577,0
20190104,39.9600,40.9400,39.9600,40.8400,7770155,0
20190107,40.6600,41.4500,40.5800,41.1200,6095330,0
20190108,41.3100,42.1200,41.2500,42.0800,11029291,0
20190109,42.1900,42.3100,41.6800,41.9300,8532670,0
20190110,41.9300,42.3500,41.6800,42.3400,7680187,0
20190111,42.3000,42.4200,42.0300,42.2300,4755403,0
20190114,42.1400,42.6300,41.9350,42.4800,10366439,0
20190115,42.6900,43.0800,42.5000,42.9400,7624538,0
20190116,42.9500,43.0800,42.4850,42.6700,6464616,0
20190117,42.6600,43.1400,42.6000,43.0400,5860398,0
20190118,43.3900,43.4800,43.0200,43.3600,7616824,0
20190122,43.1600,43.3400,42.6400,43.1300,10983745,0
20190123,43.2800,43.5200,42.8900,43.5100,8413950,0
20190124,43.0300,43.3800,42.8700,43.0300,9214707,0
20190125,43.2500,43.3700,42.6550,42.7200,5887582,0
20190128,42.5900,43.1800,42.5300,43.1200,6437718,0
20190129,43.2000,43.5785,42.8500,43.4300,7462510,0
20190130,43.4600,43.9800,43.4200,43.8100,7714104,0
20190131,44.0000,46.3100,44.0000,46.2600,15658024,0
20190201,45.8600,46.1790,45.3900,45.5700,13278185,0
20190204,45.7400,46.1600,45.5000,46.1100,8774873,0
20190205,46.0000,46.1600,45.8700,45.9800,5776809,0
20190206,45.9300,46.3150,45.7900,46.2000,6653773,0
20190207,45.7900,46.5000,45.7500,46.5000,9393877,0
20190208,46.0900,46.9100,45.9900,46.9000,8905290,0
20190211,46.8500,47.5100,46.6700,47.4500,10105938,0
20190212,47.5000,47.7600,47.3800,47.5500,8742750,0
20190213,47.5000,47.7900,47.2800,47.6100,6595168,0
20190214,47.2500,47.6600,46.8800,47.3200,7871843,0
20190215,47.5300,48.2100,47.5000,48.1600,10522237,0
20190219,47.6600,48.3150,47.4500,48.1000,7861246,0
20190220,47.8900,48.1964,47.6400,47.9900,10711197,0
20190221,47.9100,48.4600,47.8800,48.4100,6209189,0
20190222,47.4400,47.9200,47.3150,47.7200,12798803,0
20190225,47.7300,47.8000,47.0700,47.2100,10070532,0
20190226,47.2700,47.5800,47.1900,47.4300,7475348,0
20190227,47.3600,47.3800,46.9950,47.1300,8153389,0
20190228,47.0900,47.3600,46.9600,47.1600,8498549,0
20190301,47.1900,47.3400,47.0300,47.2300,8114507,0
20190304,47.3500,47.4600,46.5300,46.9900,9587978,0
20190305,47.0200,47.1500,46.7550,46.9300,8406496,0
20190306,46.8600,47.1300,46.8250,46.9700,5660947,0
20190307,46.9600,47.2300,46.7500,46.8100,8070093,0
20190308,46.4900,46.9000,46.3700,46.5800,6699843,0
20190311,46.6100,47.1550,46.5200,47.1200,6326222,0
20190312,47.1400,47.4300,46.7800,46.9500,5856632,0
20190313,47.1200,47.5000,47.0800,47.2800,6289876,0
20190314,47.3400,47.4450,47.1200,47.3500,5617280,0
20190315,47.4300,47.9600,47.3800,47.8000,9670770,0
20190318,47.8200,48.0900,47.7700,48.0400,5817885,0
20190319,48.1900,48.5000,48.0650,48.2400,6252394,0
20190320,48.2200,48.5500,47.9100,48.1800,6560116,0
20190321,48.0300,48.9900,47.7100,48.8800,6773901,0
20190322,48.7900,49.3333,48.7900,49.1300,6978951,0
20190325,49.0500,49.4900,49.0400,49.4100,5390335,0
20190326,49.5600,50.0500,49.4300,49.7900,7059292,0
20190327,49.7000,49.9800,49.3150,49.6300,7400139,0
20190328,49.0600,49.6600,49.0100,49.3500,6416862,0
20190329,49.5000,49.9600,49.4200,49.9200,6701237,0
20190401,49.9800,50.0000,49.5300,49.6900,6196024,0
20190402,49.6300,49.7000,49.4550,49.6400,5159483,0
20190403,49.4800,50.0200,49.3300,49.7300,6810783,0
20190404,49.6500,49.8500,49.5500,49.6500,5477504,0
20190405,49.6600,49.7900,49.4800,49.6800,6246038,0
20190408,49.5700,49.6700,49.4500,49.6100,6456416,0
20190409,49.4600,49.7200,49.4000,49.6400,5037541,0
20190410,49.7700,49.9200,49.5545,49.7000,4539778,0
20190411,49.8400,49.9200,49.4350,49.6700,4670468,0
20190412,49.7100,49.8501,49.5900,49.7900,5016636,0
20190415,49.9100,50.4000,49.8800,50.2800,7869005,0
20190416,50.3600,50.5200,50.0800,50.1200,5150799,0
20190417,50.3900,50.3900,49.8400,50.2300,4698080,0
20190418,50.5600,50.5600,50.0000,50.0900,6407670,0
20190422,50.1300,50.2650,49.9500,50.1800,5647093,0
20190423,50.1700,50.6400,50.1700,50.3600,6446508,0
20190424,50.3600,50.7000,50.2900,50.3800,4876892,0
20190425,49.9200,50.2200,49.7700,50.0100,4503106,0
20190426,50.1300,50.3100,49.9050,50.2900,4334371,0
20190429,49.9200,50.5500,49.9200,50.5300,4852186,0
20190430,50.5600,50.8700,50.3900,50.8500,8481337,0
20190501,52.0000,52.5700,51.1500,51.6400,13043613,0
20190502,51.5000,51.8700,50.9750,51.4800,9729572,0
20190503,51.6400,51.8000,51.4350,51.7600,4419101,0
20190506,51.4700,51.6700,51.1500,51.6000,5224154,0
20190507,51.3400,51.4450,50.5600,51.0100,9827020,0
20190508,50.8600,51.3200,50.6200,51.0100,6280460,0
20190509,50.8700,51.5400,50.8300,51.3500,6125079,0
20190510,51.0100,51.9100,50.7700,51.8700,5778362,0
20190513,51.3100,51.6600,51.1100,51.1900,5682806,0
20190514,51.3000,52.0300,51.2000,51.6200,6729873,0
20190515,51.5200,52.0700,51.3200,51.8300,4342371,0
20190516,52.0000,52.9800,51.8700,52.8000,8781292,0
20190517,52.5800,52.8200,52.1100,52.2300,6956257,0
20190520,52.1500,52.5900,52.0400,52.2900,6517265,0
20190521,52.3700,52.4700,52.1100,52.1800,6732230,0
20190522,52.1800,52.3150,51.7750,52.0900,6396910,0
20190523,51.8400,52.3500,51.5500,52.0400,6261660,0
20190524,52.2200,52.3800,52.0800,52.1300,4241047,0
20190528,52.1500,52.2100,50.8900,50.9700,13265415,0
20190529,50.9700,51.2950,50.5500,51.1600,7530424,0
20190530,51.2900,51.5500,51.0000,51.2500,5699789,0
20190531,51.0900,51.0900,50.5500,50.8500,7100008,0
20190603,50.9800,51.6700,50.9600,51.5600,6747334,0
20190604,51.7700,52.1600,51.5900,52.1400,7167435,0
20190605,52.2500,53.0900,52.1100,52.9400,6665156,0
20190606,53.0200,53.5568,52.8100,53.4600,5647891,0
20190607,53.7300,54.3000,53.5500,54.0200,6644292,0
20190610,53.9500,54.3000,53.7500,54.1900,5387751,0
20190611,54.3800,54.4300,53.8000,53.9900,6519115,0
20190612,54.3600,54.7300,54.0400,54.5500,5083874,0
20190613,54.5200,54.7700,54.1500,54.6500,4758257,0
20190614,54.7200,55.2200,54.5900,55.0500,4724826,0
20190617,55.0000,55.0600,54.4600,54.7500,5031130,0
20190618,55.5000,55.5000,54.4800,54.5600,5730907,0
20190619,54.5300,55.1500,54.1000,55.0600,7161470,0
20190620,55.5000,55.6500,55.0100,55.4600,6958237,0
20190621,55.4500,55.7100,55.0100,55.2500,11755906,0
20190624,55.3600,55.5000,55.0700,55.3300,4981408,0
20190625,55.2900,55.6400,55.2800,55.4800,7037658,0
20190626,55.0300,55.2500,54.1900,54.4600,7190732,0
20190627,54.2600,54.3500,54.0100,54.1200,4210852,0
20190628,54.1700,54.2000,53.6800,53.9000,8614372,0
20190701,54.3700,54.7800,54.0300,54.7100,7231385,0
20190702,54.8200,55.0100,54.5500,54.9500,3747470,0
20190703,55.3300,55.8450,55.1000,55.8100,3816195,0
20190705,55.4100,55.5200,54.9200,55.5000,3424707,0
20190708,55.5000,55.7600,55.1200,55.4400,3959200,0
20190709,55.3000,55.4600,55.0700,55.3800,3766096,0
20190710,55.5600,55.6500,55.2400,55.5300,5311935,0
20190711,55.8000,55.8300,54.4110,54.6300,6153583,0
20190712,54.7900,54.9680,54.4300,54.5400,4587826,0
20190715,54.5800,54.8800,54.4100,54.7000,4211451,0
20190716,54.5000,54.9400,54.1800,54.7700,6540480,0
20190717,54.7700,54.9950,54.6200,54.8900,5049070,0
20190718,54.8700,55.3350,54.5900,55.2300,5381743,0
20190719,55.5000,55.5000,54.8600,54.8900,5435653,0
20190722,54.9600,54.9762,54.3400,54.6400,4058479,0
20190723,54.9100,55.1400,54.4050,54.7900,5557616,0
20190724,54.6800,54.8900,53.9900,54.4200,5555890,0
20190725,54.0700,54.6400,53.9500,54.4100,3517004,0
20190726,54.4700,54.9100,54.3100,54.8100,3706189,0
20190729,54.7700,55.2450,54.7600,54.8600,4868533,0
20190730,54.9700,55.2700,54.7300,54.8100,5496311,0
20190731,55.0000,55.2499,52.8200,53.4900,10559929,0
20190801,53.3900,54.9400,53.3900,53.6300,9150162,0
20190802,53.4600,54.0550,53.3200,53.7600,6627870,0
20190805,53.5900,53.9300,51.9600,52.2200,9489009,0
20190806,52.3000,52.9794,51.9200,52.8300,7853981,0
20190807,52.6600,53.6200,51.9900,53.4200,6946966,0
20190808,54.1000,55.0500,53.5900,54.9500,7489755,0
20190809,55.0200,55.2900,54.3400,54.6900,5750911,0
20190812,54.5000,54.7300,54.0900,54.2500,5519983,0
20190813,54.2400,54.9900,54.1300,54.5700,8176838,0
20190814,54.3400,54.4600,53.1000,53.2000,8391560,0
20190815,53.4200,54.0100,53.1404,53.7800,5286539,0
20190816,54.0500,54.6700,53.8900,54.5400,5402399,0
20190819,54.7400,54.8900,54.4000,54.5600,4950014,0
20190820,54.2700,54.5000,53.9400,53.9900,4034578,0
20190821,54.4300,54.4300,54.0050,54.3000,3181093,0
20190822,54.4300,54.6200,54.0800,54.5100,3945603,0
20190823,54.4400,54.8200,53.3300,53.6300,5542632,0
20190826,53.8500,54.4800,53.7500,54.4600,4575282,0
20190827,54.5000,54.7700,54.3300,54.4200,4612238,0
20190828,54.4800,54.9100,54.3100,54.8800,4977489,0
20190829,55.0000,55.3900,54.5100,55.2800,4074484,0
20190830,55.6000,55.6300,55.0600,55.2200,4465905,0
20190903,54.9100,55.7100,54.8015,55.6400,3483197,0
20190904,55.8300,56.2300,55.4300,56.2000,5318054,0
20190905,56.4000,56.5900,56.0550,56.1400,5001354,0
20190906,56.3600,56.7200,56.0800,56.6300,4940148,0
20190909,56.7100,56.7100,56.2100,56.4800,5781665,0
20190910,56.0200,56.2800,53.9150,54.3300,8968595,0
20190911,54.3100,54.7650,54.0350,54.5100,5544944,0
20190912,54.8200,55.5800,54.6800,54.8100,5549743,0
20190913,54.4600,54.7550,53.7900,54.0800,6183357,0
20190916,53.8900,54.2900,53.6507,54.0500,3531200,0
20190917,53.6400,55.1600,53.5003,54.7000,6714835,0
20190918,54.7000,54.7571,53.9600,54.7200,7981098,0
20190919,54.8700,55.5500,54.6000,55.0400,5063976,0
20190920,55.0200,55.1800,54.6000,54.6500,11536696,0
20190923,54.5600,55.0900,54.3600,54.6100,4871507,0
20190924,55.0000,55.5950,54.7300,55.0500,6349784,0
20190925,55.1000,55.4100,54.9200,55.1900,4348118,0
20190926,55.5000,55.8000,55.2600,55.6900,4302897,0
20190927,55.4500,55.6200,55.0300,55.3900,6598448,0
20190930,55.3800,55.8236,55.2450,55.3200,4473133,0
20191001,55.3300,55.5800,54.6100,54.6400,5424849,0
20191002,54.5200,54.6200,53.7768,53.9800,6710859,0
20191003,54.2300,54.8100,53.6800,54.5200,5241892,0
20191004,54.7800,56.0600,54.7234,55.9800,5955561,0
20191007,55.6800,55.8100,54.9800,55.0700,6134487,0
20191008,54.9200,55.2000,54.5300,54.5600,5224160,0
20191009,55.0400,55.1300,54.4200,54.9500,3475051,0
20191010,54.8300,55.7400,54.7700,55.4100,4424364,0
20191011,55.6700,55.6900,54.8000,54.8200,4812569,0
20191014,54.7100,55.1600,54.1900,54.2200,4584121,0
20191015,54.4200,54.5900,54.0100,54.0400,3848066,0
20191016,54.0100,54.4000,53.7700,54.2700,4980525,0
20191017,54.7800,54.8600,54.4400,54.6300,4722215,0
20191018,54.7700,54.8700,54.4600,54.4800,5027484,0
20191021,54.7900,54.8200,53.5200,53.5700,5860397,0
20191022,53.5100,53.8500,52.3900,52.7100,7944364,0
20191023,52.5700,52.9500,52.5000,52.6500,6607171,0
20191024,52.7700,53.0600,52.0900,53.0400,5617829,0
20191025,53.0900,53.1225,52.3500,52.7700,5964295,0
20191028,52.6500,53.0400,52.2400,52.4100,7759768,0
20191029,52.5600,53.1300,52.2800,52.8300,8126687,0
20191030,51.7700,52.9150,51.2600,52.0300,17324084,0
20191031,52.2400,52.8600,51.9900,52.4500,5774650,0
20191101,52.6700,52.8300,51.9500,52.0300,4841887,0
20191104,52.0900,52.2200,51.5000,51.7400,6019171,0
20191105,51.8700,51.9400,51.4200,51.7000,5747604,0
20191106,51.8900,52.5500,51.7700,52.2200,5478372,0
20191107,52.1700,52.2800,51.6000,51.7400,6795642,0
20191108,51.8200,51.9550,51.5100,51.7300,3521328,0
20191111,51.6300,51.9900,51.6300,51.8000,3506460,0
20191112,52.0500,52.1585,51.8400,52.0700,3543996,0
20191113,52.0800,52.8300,51.8400,52.7000,5945666,0
20191114,52.7400,52.9300,52.5150,52.9000,5393420,0
20191115,53.0600,53.1000,52.3820,52.8200,5059962,0
20191118,52.6300,53.4100,52.6300,53.0800,5052552,0
20191119,53.0300,53.2200,52.5700,52.7100,4760584,0
20191120,52.6700,52.7900,52.1600,52.4100,4381964,0
20191121,52.2600,52.3350,51.9500,52.0700,3848439,0
20191122,52.3100,52.3300,51.4300,51.8000,3863537,0
20191125,51.8500,52.0750,51.7000,52.0400,5633869,0
20191126,52.1000,52.6500,51.9500,52.6200,7632978,0
20191127,52.7300,53.0400,52.4400,52.7300,5210859,0
20191129,53.1000,53.1000,52.2300,52.5400,4424742,0
20191202,52.4000,52.8500,52.1200,52.8400,6162055,0
20191203,53.0300,53.1500,52.4800,53.1300,8807267,0
20191204,52.8800,53.4500,52.7661,53.3400,5537542,0
20191205,53.4000,53.8700,53.2100,53.8100,5356073,0
20191206,53.9000,54.1200,53.7000,53.8400,5047224,0
20191209,53.8500,54.3100,53.8500,54.1700,5926263,0
20191210,54.3200,54.4600,54.0200,54.0600,4258091,0
20191211,54.2200,54.2800,53.7950,53.9300,5247298,0
20191212,53.8300,53.8900,52.7400,52.9800,8056280,0
20191213,52.8600,53.5100,52.5700,53.2400,6456179,0
20191216,53.4800,53.7500,53.3500,53.7100,6690642,0
20191217,53.6600,54.1400,53.5400,54.0900,7114606,0
20191218,54.4000,54.8100,54.4000,54.5300,6938884,0
20191219,54.7700,55.2900,54.5600,55.1500,6582652,0
20191220,55.1100,55.5300,55.0000,55.4000,12464392,0
20191223,55.4700,55.4800,54.6400,54.7300,7173510,0
20191224,54.9400,55.1800,54.7400,54.9900,1833763,0
20191226,54.9700,55.0741,54.7200,54.8500,3565549,0
20191227,54.9300,55.3300,54.8000,55.2800,4229449,0
20191230,54.9200,55.0700,54.5651,55.0000,3104187,0
20191231,55.0500,55.1400,54.7600,55.0800,5039525,0
20200102,55.0600,55.3500,54.1100,54.3300,7272946,0
20200103,54.0000,54.5700,53.9600,54.2400,6791739,0
20200106,54.3900,54.4800,53.8500,54.1500,5906380,0
20200107,54.0500,54.0800,53.5700,53.9200,6716447,0
20200108,54.0300,54.4200,53.9100,54.0500,5435515,0
20200109,54.0900,54.3750,53.9300,54.1900,5653906,0
20200110,54.4700,54.4800,54.1400,54.2500,4639027,0
20200113,54.3600,54.6100,54.3161,54.5900,7528806,0
20200114,54.6300,54.6650,54.0400,54.1900,5984182,0
20200115,54.5300,54.9800,54.3100,54.7400,5681677,0
20200116,54.8300,55.3400,54.7900,55.1900,5481791,0
20200117,55.1400,55.3800,55.0200,55.1600,9336363,0
20200121,54.9600,55.8400,54.8400,55.5400,9152630,0
20200122,55.7400,55.9400,55.4400,55.4600,4505297,0
20200123,55.3500,55.6500,55.1000,55.4400,6536575,0
20200124,55.5300,55.7400,54.8600,55.0900,5916401,0
20200127,54.8700,55.1500,54.5850,54.6900,5602945,0
20200128,54.5600,55.1250,54.5600,54.8500,7426103,0
20200129,54.8800,55.0000,54.5000,54.5600,5573911,0
20200130,56.0200,58.9300,55.8600,58.8000,18286135,0
20200131,58.4700,59.4300,57.1550,57.3800,14070269,0
20200203,57.7900,57.8400,57.1250,57.5500,7686397,0
20200204,57.9100,58.0000,57.3150,57.4300,7231873,0
20200205,57.7600,58.1800,57.5200,57.9200,7629317,0
20200206,57.5300,58.5200,57.5000,58.4200,5180981,0
20200207,58.4800,59.2200,58.3700,58.6600,5941959,0
20200210,58.4700,59.1100,58.4000,58.9700,5561946,0
20200211,59.0200,59.1600,58.7200,58.8700,4446654,0
20200212,59.0800,59.5300,58.3050,58.9500,7041419,0
20200213,58.9300,59.0600,58.5450,59.0300,5871976,0
20200214,59.1700,59.7300,58.8500,59.6800,4959008,0
20200218,58.9600,59.8900,58.9400,59.6600,6972742,0
20200219,59.8500,59.9600,59.2350,59.3000,5448330,0
20200220,58.9300,59.3400,58.5250,59.0400,5008876,0
20200221,58.8500,59.2000,58.6500,58.7500,5709044,0
20200224,58.1900,58.7200,57.6100,57.7400,6232242,0
20200225,57.7200,58.2700,56.8700,57.0200,7636458,0
20200226,57.3200,57.9950,56.8000,56.8600,9747026,0
20200227,56.5400,57.2200,54.4200,54.4600,14101019,0
20200228,53.1700,53.3200,51.5600,52.8000,14447343,0
20200302,52.6300,55.6300,52.4900,55.6000,12252617,0
20200303,55.4200,56.9000,54.3900,54.7900,13008179,0
20200304,55.6200,58.1300,55.4900,58.0100,12787198,0
20200305,56.8200,57.3000,56.0800,56.8600,10517033,0
20200306,54.4700,55.9800,54.2900,55.6600,9781193,0
20200309,52.5500,54.8600,52.0700,53.9400,15615197,0
20200310,54.9900,55.4900,52.3300,54.9100,16742269,0
20200311,53.4100,53.6900,51.4100,52.3400,14984305,0
20200312,49.2300,50.5200,46.5700,47.5100,15532975,0
20200313,49.6400,50.9400,47.2101,50.9200,15074277,0
20200316,46.4100,47.3900,44.7400,45.1000,12679529,0
20200317,45.8500,49.7150,44.7300,48.8200,15149311,0
20200318,45.3700,48.1200,43.1900,46.5500,15316280,0
20200319,46.9100,47.2900,43.1900,45.4700,15194463,0
20200320,46.0600,46.2100,42.8500,43.3200,16246047,0
20200323,43.3200,45.0200,41.1900,41.9300,13466939,0
20200324,44.0800,47.2550,42.9500,46.6600,12476309,0
20200325,46.4600,47.7600,45.8100,46.1100,12419787,0
20200326,46.1100,49.2400,46.0000,48.9000,11595411,0
20200327,48.9000,48.9000,48.9000,48.9000,0,0
